# estimate result
# dataset path: /home/lihua/Document/kitti_dataset/00/
# time: Wed Dec 30 11:34:31 2020
# timestamp tx ty tz qx qy qz qw
58.061270 0.0000 0.0000 0.0000 0.0000 0.0000 0.0000 1.0000
58.164910 -0.0014 0.0048 0.0844 0.0012 0.0007 -0.0001 1.0000
58.268620 0.0098 -0.0004 0.1767 0.0016 0.0017 0.0002 1.0000
58.372240 0.0039 -0.0013 0.2911 0.0022 0.0037 0.0003 1.0000
58.475980 0.0169 -0.0036 0.4390 0.0031 0.0064 0.0007 1.0000
58.579590 0.0232 -0.0064 0.5933 0.0037 0.0102 0.0006 0.9999
58.683350 0.0340 -0.0019 0.7726 0.0041 0.0151 0.0005 0.9999
58.786950 0.0522 -0.0086 0.9581 0.0041 0.0210 0.0001 0.9998
58.890710 0.0784 -0.0021 1.1689 0.0046 0.0280 -0.0006 0.9996
58.994310 0.1038 -0.0098 1.4003 0.0040 0.0363 -0.0008 0.9993
59.098080 0.1322 -0.0125 1.6199 0.0017 0.0462 -0.0001 0.9989
59.201790 0.1806 -0.0151 1.8632 -0.0005 0.0574 0.0000 0.9984
59.305420 0.2423 -0.0167 2.1245 -0.0009 0.0694 -0.0004 0.9976
59.409140 0.3008 -0.0188 2.3830 -0.0006 0.0831 0.0008 0.9965
59.513100 0.3928 -0.0198 2.6432 -0.0006 0.0982 0.0023 0.9952
59.616750 0.4775 -0.0290 2.9440 -0.0012 0.1156 0.0044 0.9933
59.720500 0.6155 -0.0285 3.2139 -0.0018 0.1335 0.0072 0.9910
59.824230 0.7268 -0.0372 3.5052 -0.0043 0.1547 0.0087 0.9879
59.928100 0.8524 -0.0296 3.7885 -0.0070 0.1773 0.0083 0.9841
60.032120 1.0199 -0.0239 4.1016 -0.0092 0.2012 0.0064 0.9795
60.135780 1.1677 -0.0328 4.3801 -0.0109 0.2273 0.0049 0.9738
60.239770 1.3798 -0.0310 4.6563 -0.0122 0.2530 0.0061 0.9674
60.343300 1.6323 -0.0147 4.9190 -0.0123 0.2792 0.0074 0.9601
60.447190 1.8818 -0.0152 5.2044 -0.0118 0.3077 0.0090 0.9514
60.551000 2.1644 -0.0013 5.4723 -0.0099 0.3362 0.0088 0.9417
60.654780 2.4535 0.0029 5.7333 -0.0075 0.3661 0.0078 0.9305
60.758610 2.7669 0.0064 5.9542 -0.0068 0.3959 0.0053 0.9183
60.862280 3.1234 0.0430 6.2217 -0.0057 0.4266 0.0046 0.9044
60.966000 3.4839 0.0280 6.4296 -0.0073 0.4562 0.0055 0.8898
61.069630 3.8908 0.0236 6.5983 -0.0073 0.4833 0.0076 0.8754
61.173270 4.3343 0.0307 6.8050 -0.0069 0.5099 0.0097 0.8601
61.276850 4.7702 0.0305 6.9455 -0.0063 0.5346 0.0110 0.8450
61.380460 5.2780 0.0444 7.1324 -0.0051 0.5579 0.0113 0.8298
61.483950 5.7355 0.0464 7.2220 -0.0039 0.5784 0.0100 0.8156
61.587570 6.2581 0.0551 7.3513 -0.0035 0.5977 0.0089 0.8017
61.691060 6.7579 0.0656 7.4670 -0.0037 0.6150 0.0093 0.7885
61.794550 7.3404 0.0747 7.5464 -0.0042 0.6294 0.0097 0.7770
61.897900 7.8924 0.0813 7.6419 -0.0045 0.6421 0.0103 0.7666
62.002740 8.5080 0.0871 7.7443 -0.0045 0.6526 0.0107 0.7576
62.104790 9.1248 0.0982 7.8116 -0.0039 0.6607 0.0115 0.7506
62.208130 9.7435 0.1052 7.8539 -0.0033 0.6667 0.0127 0.7452
62.311500 10.4345 0.1128 7.9263 -0.0032 0.6714 0.0133 0.7409
62.414860 11.0784 0.1216 7.9753 -0.0030 0.6750 0.0130 0.7377
62.518230 11.7538 0.1344 8.0349 -0.0025 0.6780 0.0128 0.7349
62.621740 12.4477 0.1453 8.0855 -0.0018 0.6804 0.0129 0.7327
62.725220 13.1560 0.1652 8.1358 -0.0012 0.6819 0.0128 0.7313
62.828700 13.8615 0.1669 8.1937 -0.0016 0.6831 0.0127 0.7302
62.932200 14.5849 0.1858 8.2218 -0.0017 0.6836 0.0131 0.7297
63.035810 15.3455 0.1823 8.2882 -0.0028 0.6842 0.0139 0.7292
63.139420 16.1072 0.2085 8.3412 -0.0034 0.6844 0.0148 0.7289
63.242920 16.8929 0.2117 8.4007 -0.0037 0.6843 0.0151 0.7290
63.346530 17.6315 0.2054 8.4181 -0.0033 0.6837 0.0149 0.7296
63.450150 18.4306 0.2243 8.4944 -0.0015 0.6832 0.0141 0.7301
63.553890 19.2714 0.2399 8.5529 -0.0000 0.6826 0.0111 0.7307
63.657500 20.1159 0.2461 8.6060 0.0007 0.6822 0.0092 0.7311
63.761250 20.9560 0.2433 8.6860 -0.0006 0.6823 0.0086 0.7310
63.864990 21.8014 0.2600 8.7472 -0.0027 0.6823 0.0109 0.7310
63.968620 22.6980 0.2736 8.8206 -0.0060 0.6824 0.0145 0.7308
64.072220 23.5893 0.2865 8.8743 -0.0070 0.6822 0.0172 0.7309
64.175970 24.4836 0.3091 8.9410 -0.0048 0.6822 0.0176 0.7309
64.279620 25.3854 0.3289 9.0199 -0.0016 0.6819 0.0157 0.7313
64.383180 26.2995 0.3479 9.0780 0.0018 0.6813 0.0140 0.7318
64.486930 27.2174 0.3546 9.1567 0.0032 0.6810 0.0122 0.7321
64.590710 28.1899 0.3706 9.2444 0.0038 0.6808 0.0119 0.7324
64.694300 29.1502 0.3757 9.3323 0.0022 0.6806 0.0114 0.7325
64.797940 30.1117 0.3755 9.4097 -0.0007 0.6805 0.0134 0.7326
64.901640 31.0960 0.3839 9.4906 -0.0037 0.6805 0.0155 0.7326
65.005340 32.0931 0.4066 9.5632 -0.0047 0.6807 0.0169 0.7324
65.108990 33.1109 0.4302 9.6347 -0.0034 0.6806 0.0166 0.7325
65.212830 34.1031 0.4426 9.7154 -0.0014 0.6807 0.0160 0.7324
65.316220 35.1530 0.4715 9.7781 0.0007 0.6801 0.0150 0.7330
65.419850 36.1949 0.4846 9.8505 0.0015 0.6798 0.0148 0.7332
65.523620 37.2014 0.4973 9.9436 0.0013 0.6797 0.0148 0.7333
65.627110 38.2349 0.5020 10.0277 0.0007 0.6793 0.0167 0.7337
65.730790 39.2506 0.5123 10.0857 -0.0005 0.6782 0.0178 0.7347
65.834430 40.2828 0.5196 10.1684 0.0007 0.6774 0.0179 0.7354
65.938040 41.3042 0.5391 10.2746 0.0034 0.6770 0.0163 0.7358
66.041660 42.3651 0.5416 10.3760 0.0045 0.6765 0.0145 0.7363
66.145270 43.3822 0.5489 10.4670 0.0048 0.6760 0.0140 0.7368
66.248940 44.4210 0.5531 10.5901 0.0035 0.6755 0.0136 0.7372
66.352630 45.4729 0.5482 10.6767 0.0016 0.6750 0.0146 0.7377
66.456240 46.5441 0.5578 10.7870 -0.0009 0.6744 0.0156 0.7382
66.559860 47.5708 0.5629 10.8944 -0.0028 0.6741 0.0164 0.7385
66.663590 48.6219 0.5819 10.9936 -0.0037 0.6737 0.0156 0.7388
66.767240 49.6622 0.5870 11.1152 -0.0035 0.6738 0.0151 0.7387
66.870960 50.6840 0.6031 11.2133 -0.0023 0.6738 0.0149 0.7388
66.974570 51.6999 0.5987 11.2948 -0.0016 0.6737 0.0136 0.7389
67.078310 52.7289 0.6127 11.4010 0.0003 0.6737 0.0125 0.7389
67.181930 53.7282 0.6115 11.5290 0.0008 0.6738 0.0121 0.7388
67.285670 54.7445 0.6101 11.6302 -0.0001 0.6739 0.0126 0.7387
67.389280 55.7796 0.6177 11.7399 -0.0021 0.6741 0.0123 0.7385
67.492970 56.8184 0.6200 11.8295 -0.0032 0.6741 0.0123 0.7385
67.596630 57.8157 0.6300 11.9293 -0.0040 0.6742 0.0122 0.7385
67.700270 58.8483 0.6403 12.0270 -0.0057 0.6745 0.0130 0.7382
67.803900 59.8676 0.6550 12.1231 -0.0083 0.6746 0.0137 0.7380
67.907590 60.8668 0.6763 12.2387 -0.0091 0.6750 0.0128 0.7377
68.011290 61.8899 0.6943 12.3286 -0.0081 0.6748 0.0099 0.7378
68.114970 62.8859 0.7093 12.4304 -0.0072 0.6748 0.0071 0.7379
68.218650 63.9138 0.7191 12.5378 -0.0073 0.6751 0.0055 0.7376
68.322220 64.9106 0.7272 12.6485 -0.0080 0.6754 0.0040 0.7374
68.425940 65.9036 0.7435 12.7372 -0.0079 0.6754 0.0032 0.7374
68.529590 66.8937 0.7337 12.8181 -0.0089 0.6754 0.0031 0.7374
68.633170 67.8964 0.7390 12.9298 -0.0099 0.6755 0.0039 0.7372
68.736910 68.9235 0.7450 13.0267 -0.0103 0.6756 0.0049 0.7372
68.840530 69.9518 0.7538 13.1212 -0.0104 0.6755 0.0051 0.7373
68.944270 70.9751 0.7652 13.2192 -0.0106 0.6756 0.0046 0.7372
69.047890 71.9987 0.7781 13.3023 -0.0106 0.6760 0.0050 0.7368
69.151620 73.0395 0.7901 13.4079 -0.0107 0.6764 0.0048 0.7364
69.255320 74.0734 0.8049 13.4949 -0.0100 0.6766 0.0050 0.7363
69.359000 75.1083 0.8232 13.5967 -0.0106 0.6768 0.0042 0.7361
69.462640 76.1757 0.8344 13.6936 -0.0111 0.6769 0.0045 0.7360
69.566330 77.2168 0.8418 13.7828 -0.0102 0.6772 0.0048 0.7357
69.669950 78.2740 0.8482 13.8823 -0.0090 0.6772 0.0027 0.7357
69.773710 79.3408 0.8656 13.9802 -0.0076 0.6772 0.0018 0.7358
69.877300 80.4400 0.8712 14.0506 -0.0079 0.6769 0.0034 0.7360
69.980930 81.5077 0.8726 14.1484 -0.0101 0.6771 0.0049 0.7358
70.084660 82.5898 0.8810 14.2491 -0.0114 0.6772 0.0056 0.7357
70.188400 83.6388 0.8925 14.3388 -0.0117 0.6773 0.0069 0.7356
70.292030 84.7064 0.9031 14.4251 -0.0125 0.6773 0.0075 0.7355
70.395630 85.7698 0.9217 14.5328 -0.0119 0.6774 0.0083 0.7355
70.499370 86.8295 0.9313 14.6048 -0.0105 0.6772 0.0085 0.7357
70.602990 87.8863 0.9404 14.6954 -0.0089 0.6770 0.0081 0.7358
70.706610 88.9317 0.9543 14.7787 -0.0076 0.6770 0.0085 0.7359
70.810370 89.9998 0.9665 14.8899 -0.0077 0.6770 0.0092 0.7359
70.913960 91.0640 0.9814 14.9735 -0.0077 0.6768 0.0116 0.7360
71.017600 92.1301 0.9966 15.0636 -0.0080 0.6767 0.0138 0.7361
71.121200 93.1726 1.0179 15.1911 -0.0072 0.6767 0.0156 0.7360
71.224820 94.1639 1.0309 15.2551 -0.0048 0.6765 0.0161 0.7362
71.328430 95.1280 1.0343 15.3549 -0.0027 0.6767 0.0153 0.7361
71.432160 96.1598 1.0459 15.4515 -0.0018 0.6766 0.0153 0.7362
71.535850 97.1838 1.0603 15.5638 -0.0017 0.6765 0.0159 0.7362
71.639400 98.2121 1.0613 15.6202 -0.0019 0.6758 0.0179 0.7368
71.743010 99.2342 1.0780 15.7188 -0.0022 0.6754 0.0193 0.7372
71.846650 100.2075 1.0958 15.8131 -0.0024 0.6752 0.0210 0.7374
71.950250 101.2096 1.1079 15.9065 -0.0021 0.6746 0.0224 0.7378
72.053920 102.1538 1.1170 15.9893 -0.0009 0.6743 0.0230 0.7381
72.157490 103.1674 1.1377 16.0839 -0.0001 0.6738 0.0225 0.7386
72.261240 104.1332 1.1542 16.1913 0.0002 0.6736 0.0215 0.7388
72.364830 105.0604 1.1596 16.2814 0.0002 0.6731 0.0212 0.7392
72.468450 106.0091 1.1793 16.3713 0.0005 0.6728 0.0214 0.7396
72.572060 106.9226 1.1791 16.4854 -0.0003 0.6727 0.0212 0.7396
72.675720 107.8388 1.1883 16.5777 -0.0016 0.6724 0.0208 0.7399
72.779440 108.7469 1.1999 16.6700 -0.0019 0.6723 0.0195 0.7400
72.883040 109.6669 1.2172 16.7867 -0.0013 0.6723 0.0182 0.7400
72.986770 110.5279 1.2222 16.8879 -0.0008 0.6728 0.0180 0.7396
73.090510 111.4330 1.2383 16.9740 -0.0009 0.6732 0.0183 0.7393
73.194190 112.2500 1.2451 17.0608 -0.0013 0.6739 0.0183 0.7386
73.297870 113.0700 1.2480 17.1237 -0.0012 0.6744 0.0195 0.7381
73.401490 113.9164 1.2596 17.1859 -0.0007 0.6748 0.0200 0.7377
73.505110 114.7239 1.2717 17.2541 -0.0010 0.6753 0.0204 0.7372
73.608900 115.4518 1.2620 17.3287 -0.0007 0.6763 0.0228 0.7363
73.712560 116.1809 1.2694 17.3880 -0.0013 0.6768 0.0232 0.7358
73.816140 116.9045 1.2860 17.4576 -0.0024 0.6775 0.0231 0.7352
73.919840 117.5949 1.2931 17.5179 -0.0024 0.6780 0.0231 0.7347
74.023430 118.2794 1.2838 17.5857 -0.0013 0.6785 0.0223 0.7342
74.127170 118.9108 1.3062 17.6253 0.0010 0.6789 0.0203 0.7339
74.230880 119.5324 1.3122 17.6784 0.0017 0.6794 0.0192 0.7335
74.334400 120.1779 1.3223 17.7246 0.0015 0.6796 0.0195 0.7333
74.438030 120.7556 1.3316 17.8091 0.0004 0.6803 0.0205 0.7327
74.541650 121.3220 1.3368 17.8829 -0.0007 0.6804 0.0215 0.7325
74.645260 121.8796 1.3401 17.9089 -0.0012 0.6793 0.0218 0.7335
74.748860 122.3934 1.3413 17.9333 -0.0008 0.6776 0.0204 0.7352
74.852540 122.9064 1.3430 17.9758 0.0002 0.6755 0.0190 0.7372
74.955960 123.3581 1.3464 18.0564 0.0008 0.6726 0.0177 0.7398
75.059610 123.8417 1.3572 18.0909 0.0015 0.6677 0.0175 0.7442
75.163080 124.2849 1.3593 18.1634 0.0017 0.6619 0.0170 0.7494
75.266650 124.7000 1.3526 18.2358 0.0013 0.6550 0.0161 0.7555
75.370050 125.1745 1.3661 18.3606 0.0006 0.6467 0.0151 0.7626
75.473540 125.5767 1.3834 18.4747 -0.0005 0.6371 0.0151 0.7707
75.577070 125.9877 1.3847 18.5930 -0.0015 0.6254 0.0167 0.7801
75.680410 126.3808 1.3800 18.7507 -0.0020 0.6122 0.0171 0.7905
75.783770 126.7975 1.3890 18.8715 -0.0015 0.5958 0.0177 0.8030
75.887280 127.1685 1.3873 19.0593 -0.0029 0.5785 0.0170 0.8155
75.990620 127.5391 1.3990 19.2461 -0.0047 0.5596 0.0166 0.8286
76.094110 127.8769 1.3992 19.4870 -0.0069 0.5407 0.0171 0.8410
76.197600 128.2416 1.3988 19.7072 -0.0080 0.5197 0.0190 0.8541
76.300970 128.5170 1.4036 19.9362 -0.0101 0.4983 0.0191 0.8667
76.404460 128.8137 1.4031 20.1511 -0.0125 0.4740 0.0176 0.8803
76.507950 129.1364 1.4255 20.4518 -0.0147 0.4485 0.0158 0.8935
76.611340 129.4402 1.4135 20.7391 -0.0176 0.4219 0.0166 0.9063
76.714820 129.7268 1.4313 21.0553 -0.0184 0.3945 0.0193 0.9185
76.818440 130.0029 1.4425 21.4008 -0.0180 0.3661 0.0226 0.9301
76.921990 130.2760 1.4632 21.7731 -0.0182 0.3366 0.0257 0.9411
77.025530 130.5240 1.4769 22.1656 -0.0182 0.3063 0.0286 0.9513
77.129020 130.7677 1.5045 22.5655 -0.0160 0.2739 0.0318 0.9611
77.232630 130.9788 1.5236 23.0077 -0.0132 0.2412 0.0345 0.9698
77.336250 131.1689 1.5409 23.4814 -0.0107 0.2075 0.0337 0.9776
77.439860 131.2908 1.5561 23.9830 -0.0087 0.1739 0.0322 0.9842
77.543570 131.4146 1.5681 24.4878 -0.0055 0.1394 0.0333 0.9897
77.647090 131.5023 1.5823 25.0124 -0.0030 0.1055 0.0387 0.9937
77.750840 131.5760 1.5836 25.5720 -0.0043 0.0721 0.0397 0.9966
77.854700 131.5709 1.5939 26.1229 -0.0074 0.0420 0.0360 0.9984
77.958590 131.5230 1.5883 26.6841 -0.0105 0.0151 0.0301 0.9994
78.062560 131.4683 1.5939 27.2655 -0.0113 -0.0087 0.0244 0.9996
78.166570 131.4034 1.5959 27.8268 -0.0121 -0.0286 0.0216 0.9993
78.270660 131.3193 1.6182 28.4429 -0.0144 -0.0432 0.0190 0.9988
78.374790 131.2358 1.6303 29.0414 -0.0172 -0.0541 0.0183 0.9982
78.479010 131.1304 1.6251 29.6125 -0.0183 -0.0619 0.0171 0.9978
78.583150 131.0295 1.6431 30.2753 -0.0155 -0.0669 0.0147 0.9975
78.687370 130.9261 1.6556 30.8998 -0.0097 -0.0693 0.0129 0.9975
78.791490 130.8273 1.6717 31.5352 -0.0036 -0.0703 0.0130 0.9974
78.895610 130.7457 1.6773 32.1825 -0.0015 -0.0706 0.0149 0.9974
78.999750 130.6490 1.6794 32.8393 -0.0031 -0.0696 0.0163 0.9974
79.103610 130.5530 1.6763 33.5132 -0.0057 -0.0690 0.0174 0.9974
79.207550 130.4637 1.6772 34.2011 -0.0067 -0.0691 0.0166 0.9975
79.311380 130.3619 1.6754 34.8871 -0.0066 -0.0684 0.0154 0.9975
79.415180 130.2512 1.6783 35.5922 -0.0063 -0.0675 0.0132 0.9976
79.518970 130.1510 1.6829 36.3215 -0.0052 -0.0661 0.0112 0.9977
79.622670 130.0395 1.6868 37.0498 -0.0044 -0.0633 0.0094 0.9979
79.726400 129.9599 1.6914 37.7898 -0.0046 -0.0613 0.0079 0.9981
79.830150 129.8572 1.6973 38.5677 -0.0061 -0.0590 0.0071 0.9982
79.933870 129.7600 1.6988 39.3523 -0.0080 -0.0570 0.0058 0.9983
80.037500 129.6531 1.7028 40.1764 -0.0088 -0.0551 0.0050 0.9984
80.141270 129.5644 1.7104 40.9880 -0.0080 -0.0535 0.0049 0.9985
80.244850 129.4714 1.7223 41.8167 -0.0066 -0.0519 0.0058 0.9986
80.348500 129.3933 1.7320 42.6730 -0.0071 -0.0504 0.0070 0.9987
80.452210 129.3005 1.7450 43.5394 -0.0093 -0.0487 0.0069 0.9987
80.555830 129.2147 1.7474 44.4169 -0.0123 -0.0472 0.0071 0.9988
80.659450 129.1247 1.7681 45.3011 -0.0145 -0.0457 0.0078 0.9988
80.763190 129.0518 1.7863 46.2054 -0.0153 -0.0443 0.0085 0.9989
80.866800 128.9642 1.8054 47.0935 -0.0146 -0.0430 0.0074 0.9989
80.970420 128.8741 1.8214 48.0088 -0.0126 -0.0418 0.0065 0.9990
81.074090 128.8062 1.8340 48.9325 -0.0108 -0.0415 0.0069 0.9991
81.177670 128.7283 1.8428 49.8390 -0.0107 -0.0413 0.0074 0.9991
81.281390 128.6504 1.8556 50.7651 -0.0111 -0.0415 0.0075 0.9990
81.385030 128.5692 1.8594 51.6892 -0.0118 -0.0421 0.0081 0.9990
81.488620 128.4874 1.8718 52.6179 -0.0122 -0.0426 0.0085 0.9990
81.592230 128.4016 1.8844 53.5327 -0.0125 -0.0432 0.0075 0.9990
81.695850 128.3136 1.8907 54.4585 -0.0128 -0.0439 0.0066 0.9989
81.799470 128.2119 1.9032 55.3730 -0.0129 -0.0441 0.0058 0.9989
81.903080 128.1323 1.9228 56.3011 -0.0129 -0.0447 0.0062 0.9989
82.006700 128.0450 1.9239 57.1850 -0.0126 -0.0455 0.0053 0.9989
82.110320 127.9552 1.9385 58.0991 -0.0115 -0.0462 0.0048 0.9989
82.214070 127.8641 1.9457 59.0014 -0.0108 -0.0476 0.0058 0.9988
82.317670 127.7647 1.9504 59.9153 -0.0122 -0.0495 0.0059 0.9987
82.421410 127.6638 1.9620 60.8327 -0.0142 -0.0516 0.0051 0.9986
82.525020 127.5591 1.9691 61.7425 -0.0153 -0.0535 0.0044 0.9984
82.628780 127.4478 1.9814 62.6428 -0.0143 -0.0551 0.0021 0.9984
82.732380 127.3149 1.9989 63.5390 -0.0134 -0.0560 -0.0001 0.9983
82.836140 127.1951 2.0089 64.4056 -0.0112 -0.0572 0.0005 0.9983
82.939730 127.0989 2.0147 65.3303 -0.0100 -0.0581 0.0014 0.9983
83.043500 126.9841 2.0282 66.2250 -0.0109 -0.0586 0.0011 0.9982
83.147220 126.8842 2.0365 67.0815 -0.0119 -0.0588 0.0005 0.9982
83.250970 126.7702 2.0387 67.9500 -0.0130 -0.0584 0.0009 0.9982
83.354570 126.6641 2.0483 68.8485 -0.0109 -0.0578 0.0004 0.9983
83.458190 126.5357 2.0588 69.7608 -0.0100 -0.0561 -0.0002 0.9984
83.561980 126.4507 2.0672 70.6332 -0.0101 -0.0548 -0.0019 0.9984
83.665550 126.3332 2.0759 71.5241 -0.0113 -0.0521 -0.0022 0.9986
83.769380 126.2524 2.0801 72.4088 -0.0123 -0.0501 -0.0029 0.9987
83.872920 126.1618 2.0884 73.2902 -0.0130 -0.0475 -0.0030 0.9988
83.976710 126.0768 2.1025 74.1652 -0.0133 -0.0447 -0.0027 0.9989
84.080130 125.9908 2.1132 75.0266 -0.0134 -0.0421 -0.0025 0.9990
84.183750 125.9187 2.1220 75.9047 -0.0129 -0.0394 -0.0020 0.9991
84.287600 125.8561 2.1338 76.7729 -0.0119 -0.0368 -0.0021 0.9993
84.391160 125.7811 2.1417 77.6425 -0.0110 -0.0340 -0.0024 0.9994
84.494760 125.7173 2.1465 78.4947 -0.0106 -0.0317 -0.0024 0.9994
84.598480 125.6750 2.1664 79.4112 -0.0105 -0.0294 -0.0021 0.9995
84.702120 125.6278 2.1816 80.3142 -0.0110 -0.0269 -0.0028 0.9996
84.805710 125.5740 2.1799 81.1650 -0.0121 -0.0246 -0.0028 0.9996
84.909310 125.5319 2.1842 82.0065 -0.0134 -0.0226 -0.0021 0.9997
85.012960 125.5115 2.2061 82.9327 -0.0139 -0.0210 -0.0011 0.9997
85.116700 125.4587 2.2009 83.7406 -0.0142 -0.0194 0.0004 0.9997
85.220270 125.4249 2.2082 84.5373 -0.0135 -0.0183 0.0021 0.9997
85.324080 125.3895 2.2131 85.3403 -0.0126 -0.0176 0.0031 0.9998
85.427750 125.3633 2.2292 86.1746 -0.0124 -0.0172 0.0048 0.9998
85.531340 125.3353 2.2334 86.9406 -0.0122 -0.0170 0.0056 0.9998
85.635010 125.2926 2.2401 87.6705 -0.0110 -0.0168 0.0067 0.9998
85.738670 125.2652 2.2384 88.3971 -0.0107 -0.0172 0.0076 0.9998
85.842510 125.2537 2.2395 89.1206 -0.0106 -0.0186 0.0093 0.9997
85.946050 125.2112 2.2470 89.7896 -0.0116 -0.0204 0.0101 0.9997
86.049580 125.1789 2.2501 90.4561 -0.0126 -0.0225 0.0113 0.9996
86.153190 125.1430 2.2447 91.1032 -0.0134 -0.0252 0.0121 0.9995
86.257680 125.1129 2.2262 91.6736 -0.0137 -0.0281 0.0131 0.9994
86.360510 125.0681 2.2393 92.2728 -0.0124 -0.0315 0.0132 0.9993
86.464180 125.0189 2.2429 92.8614 -0.0113 -0.0349 0.0140 0.9992
86.567780 124.9612 2.2453 93.4522 -0.0113 -0.0389 0.0136 0.9991
86.671550 124.8737 2.2477 94.0638 -0.0118 -0.0421 0.0140 0.9989
86.775140 124.8486 2.2519 94.6670 -0.0119 -0.0464 0.0137 0.9988
86.878890 124.7634 2.2544 95.2281 -0.0107 -0.0496 0.0132 0.9986
86.982510 124.7146 2.2509 95.8111 -0.0088 -0.0533 0.0124 0.9985
87.086250 124.6018 2.2586 96.4190 -0.0071 -0.0559 0.0129 0.9983
87.190180 124.5282 2.2611 96.9847 -0.0057 -0.0592 0.0131 0.9981
87.293640 124.4413 2.2692 97.5610 -0.0040 -0.0617 0.0126 0.9980
87.397220 124.3617 2.2610 98.1474 -0.0037 -0.0646 0.0118 0.9978
87.501040 124.2671 2.2586 98.7239 -0.0032 -0.0666 0.0106 0.9977
87.604560 124.1843 2.2548 99.3257 -0.0029 -0.0695 0.0111 0.9975
87.708320 124.1001 2.2491 99.9157 -0.0029 -0.0715 0.0116 0.9974
87.811980 124.0010 2.2401 100.5296 -0.0026 -0.0736 0.0111 0.9972
87.915650 123.9029 2.2304 101.1142 -0.0017 -0.0753 0.0085 0.9971
88.019280 123.7927 2.2288 101.7395 -0.0010 -0.0762 0.0071 0.9971
88.123030 123.6725 2.2228 102.3507 -0.0006 -0.0766 0.0068 0.9970
88.226620 123.5763 2.2268 102.9857 -0.0003 -0.0771 0.0076 0.9970
88.330460 123.4761 2.2241 103.6160 -0.0010 -0.0771 0.0072 0.9970
88.434330 123.3724 2.2228 104.2777 -0.0030 -0.0769 0.0072 0.9970
88.537780 123.2543 2.2258 104.9558 -0.0056 -0.0767 0.0055 0.9970
88.641400 123.1206 2.2281 105.6612 -0.0120 -0.0762 0.0040 0.9970
88.745080 123.0055 2.2406 106.3736 -0.0170 -0.0754 0.0017 0.9970
88.848890 122.8935 2.2563 107.1003 -0.0183 -0.0739 0.0008 0.9971
88.952550 122.7908 2.2548 107.8039 -0.0141 -0.0725 -0.0008 0.9973
89.056170 122.6549 2.2798 108.5322 -0.0059 -0.0696 -0.0016 0.9976
89.159790 122.5672 2.2979 109.2670 -0.0042 -0.0682 -0.0028 0.9977
89.263540 122.4526 2.3204 110.0747 -0.0091 -0.0659 -0.0021 0.9978
89.367140 122.3480 2.3295 110.8958 -0.0186 -0.0638 -0.0024 0.9978
89.470880 122.2475 2.3373 111.6590 -0.0208 -0.0617 -0.0015 0.9979
89.574490 122.1444 2.3723 112.5184 -0.0157 -0.0602 -0.0012 0.9981
89.678230 122.0500 2.3874 113.3351 -0.0069 -0.0583 -0.0009 0.9983
89.781980 121.9436 2.3894 114.1114 -0.0022 -0.0563 -0.0020 0.9984
89.885590 121.8537 2.3956 114.9412 -0.0041 -0.0544 -0.0051 0.9985
89.989350 121.6964 2.4135 115.8835 -0.0091 -0.0507 -0.0081 0.9986
90.092950 121.6129 2.4257 116.7807 -0.0108 -0.0479 -0.0099 0.9987
90.196710 121.5151 2.4277 117.6662 -0.0062 -0.0443 -0.0107 0.9989
90.300450 121.4335 2.4246 118.5612 0.0008 -0.0405 -0.0089 0.9991
90.404050 121.3572 2.4182 119.4512 0.0048 -0.0368 -0.0051 0.9993
90.507790 121.2956 2.4125 120.4454 0.0022 -0.0333 -0.0034 0.9994
90.611400 121.2630 2.4097 121.3763 -0.0039 -0.0302 -0.0019 0.9995
90.715140 121.1920 2.4081 122.3675 -0.0089 -0.0267 -0.0004 0.9996
90.818760 121.1531 2.4154 123.3367 -0.0093 -0.0245 0.0004 0.9997
90.922380 121.1082 2.4317 124.3118 -0.0072 -0.0225 0.0009 0.9997
91.025980 121.0463 2.4317 125.3333 -0.0058 -0.0211 0.0016 0.9998
91.129600 120.9969 2.4230 126.2674 -0.0062 -0.0208 0.0029 0.9998
91.233220 120.9494 2.4257 127.2593 -0.0068 -0.0207 0.0037 0.9998
91.336840 120.9119 2.4313 128.2642 -0.0074 -0.0212 0.0037 0.9997
91.440450 120.8675 2.4326 129.2614 -0.0090 -0.0223 0.0032 0.9997
91.544070 120.8097 2.4496 130.2536 -0.0109 -0.0240 0.0029 0.9996
91.647680 120.7491 2.4525 131.2448 -0.0109 -0.0255 0.0031 0.9996
91.751300 120.6799 2.4635 132.2446 -0.0071 -0.0267 0.0043 0.9996
91.855040 120.6209 2.4550 133.2380 -0.0035 -0.0284 0.0068 0.9996
91.958670 120.5771 2.4599 134.2433 -0.0025 -0.0306 0.0095 0.9995
92.062270 120.5001 2.4492 135.2202 -0.0058 -0.0324 0.0105 0.9994
92.165880 120.4347 2.4516 136.1985 -0.0086 -0.0337 0.0108 0.9993
92.269500 120.3538 2.4510 137.1764 -0.0094 -0.0351 0.0097 0.9993
92.373110 120.2661 2.4528 138.1554 -0.0077 -0.0360 0.0076 0.9993
92.476860 120.1813 2.4598 139.1224 -0.0056 -0.0372 0.0056 0.9993
92.580470 120.0875 2.4567 140.0976 -0.0043 -0.0382 0.0052 0.9992
92.684080 120.0079 2.4561 141.0717 -0.0039 -0.0392 0.0053 0.9992
92.787830 119.9266 2.4545 142.0331 -0.0051 -0.0405 0.0060 0.9992
92.891470 119.8390 2.4415 142.9887 -0.0080 -0.0418 0.0085 0.9991
92.994930 119.7597 2.4525 143.9701 -0.0115 -0.0432 0.0088 0.9990
93.098570 119.6637 2.4547 144.9205 -0.0135 -0.0447 0.0094 0.9989
93.202160 119.5727 2.4653 145.8821 -0.0124 -0.0466 0.0084 0.9988
93.305780 119.4602 2.4723 146.8061 -0.0086 -0.0481 0.0067 0.9988
93.409390 119.3679 2.4776 147.7683 -0.0056 -0.0496 0.0059 0.9987
93.513130 119.2586 2.4732 148.7148 -0.0062 -0.0503 0.0070 0.9987
93.616750 119.1741 2.4841 149.6531 -0.0086 -0.0513 0.0083 0.9986
93.720480 119.0637 2.4842 150.6163 -0.0110 -0.0520 0.0082 0.9986
93.824120 118.9645 2.4934 151.5573 -0.0120 -0.0528 0.0092 0.9985
93.927850 118.8643 2.5021 152.5071 -0.0129 -0.0531 0.0097 0.9985
94.031550 118.7537 2.5126 153.4429 -0.0135 -0.0529 0.0091 0.9985
94.135100 118.6694 2.5225 154.3502 -0.0132 -0.0530 0.0081 0.9985
94.238820 118.5624 2.5301 155.2847 -0.0122 -0.0528 0.0062 0.9985
94.342550 118.4521 2.5330 156.2123 -0.0113 -0.0520 0.0046 0.9986
94.446200 118.3624 2.5378 157.1180 -0.0099 -0.0514 0.0052 0.9986
94.549940 118.2558 2.5413 158.0230 -0.0083 -0.0507 0.0061 0.9987
94.653650 118.1583 2.5454 158.9497 -0.0082 -0.0498 0.0063 0.9987
94.757290 118.0572 2.5576 159.8656 -0.0103 -0.0492 0.0067 0.9987
94.861030 117.9536 2.5553 160.7734 -0.0137 -0.0485 0.0072 0.9987
94.964650 117.8741 2.5603 161.6690 -0.0155 -0.0483 0.0081 0.9987
95.068250 117.7784 2.5730 162.5466 -0.0153 -0.0472 0.0077 0.9987
95.171850 117.6872 2.5817 163.4105 -0.0144 -0.0462 0.0080 0.9988
95.275590 117.5974 2.5853 164.2759 -0.0133 -0.0456 0.0078 0.9988
95.379210 117.5194 2.5980 165.1146 -0.0136 -0.0452 0.0071 0.9989
95.482850 117.4431 2.6159 165.9466 -0.0153 -0.0452 0.0065 0.9988
95.586590 117.3643 2.6206 166.7742 -0.0165 -0.0449 0.0071 0.9988
95.690200 117.2922 2.6302 167.5549 -0.0144 -0.0447 0.0094 0.9989
95.793800 117.2180 2.6396 168.3273 -0.0109 -0.0443 0.0110 0.9989
95.897420 117.1464 2.6476 169.0824 -0.0091 -0.0443 0.0117 0.9989
96.001040 117.0746 2.6597 169.8232 -0.0116 -0.0445 0.0132 0.9989
96.104780 117.0214 2.6703 170.5827 -0.0152 -0.0453 0.0160 0.9987
96.208400 116.9567 2.6700 171.2869 -0.0169 -0.0463 0.0156 0.9987
96.312000 116.8892 2.6692 171.9678 -0.0149 -0.0471 0.0157 0.9987
96.415650 116.8196 2.6636 172.6081 -0.0108 -0.0486 0.0141 0.9987
96.519440 116.7625 2.6669 173.2249 -0.0075 -0.0501 0.0139 0.9986
96.622990 116.6648 2.6607 173.8436 -0.0073 -0.0510 0.0117 0.9986
96.726610 116.5895 2.6731 174.4664 -0.0083 -0.0532 0.0105 0.9985
96.830260 116.5208 2.6643 175.0788 -0.0105 -0.0559 0.0099 0.9983
96.933830 116.4450 2.6629 175.6500 -0.0116 -0.0589 0.0098 0.9981
97.037530 116.3599 2.6676 176.2315 -0.0120 -0.0634 0.0102 0.9979
97.141140 116.2685 2.6607 176.7459 -0.0120 -0.0692 0.0115 0.9975
97.244690 116.1709 2.6675 177.3045 -0.0112 -0.0775 0.0125 0.9969
97.348160 116.0656 2.6723 177.8293 -0.0102 -0.0879 0.0131 0.9960
97.451710 115.9382 2.6688 178.3779 -0.0097 -0.1009 0.0136 0.9948
97.555020 115.7827 2.6645 178.8798 -0.0094 -0.1160 0.0135 0.9931
97.658520 115.6171 2.6633 179.3648 -0.0093 -0.1336 0.0127 0.9909
97.761870 115.4702 2.6703 179.8377 -0.0091 -0.1545 0.0137 0.9879
97.865260 115.2312 2.6724 180.3242 -0.0089 -0.1765 0.0143 0.9842
97.968620 115.0041 2.6611 180.7793 -0.0089 -0.2014 0.0152 0.9794
98.072060 114.7767 2.6616 181.1950 -0.0091 -0.2279 0.0159 0.9735
98.175320 114.5256 2.6592 181.6127 -0.0093 -0.2557 0.0163 0.9666
98.278710 114.2244 2.6640 181.9910 -0.0091 -0.2829 0.0161 0.9590
98.382200 113.9066 2.6648 182.3794 -0.0092 -0.3121 0.0149 0.9499
98.485690 113.5587 2.6585 182.7256 -0.0095 -0.3420 0.0131 0.9396
98.589190 113.1826 2.6546 183.0547 -0.0098 -0.3728 0.0116 0.9278
98.692720 112.7806 2.6404 183.3746 -0.0099 -0.4042 0.0113 0.9145
98.796150 112.3472 2.6451 183.6602 -0.0097 -0.4354 0.0112 0.9001
98.899760 111.8726 2.6535 183.9430 -0.0095 -0.4662 0.0098 0.8846
99.003280 111.4011 2.6582 184.1611 -0.0087 -0.4966 0.0075 0.8679
99.107000 110.9249 2.6567 184.3426 -0.0086 -0.5260 0.0059 0.8504
99.210630 110.4232 2.6533 184.5142 -0.0089 -0.5554 0.0049 0.8315
99.314240 109.8761 2.6518 184.6615 -0.0112 -0.5830 0.0060 0.8124
99.418370 109.2919 2.6608 184.8018 -0.0123 -0.6091 0.0063 0.7930
99.521710 108.7369 2.6588 184.8860 -0.0130 -0.6326 0.0069 0.7743
99.625590 108.1565 2.6690 184.9280 -0.0109 -0.6527 0.0057 0.7575
99.729530 107.5382 2.6869 184.9727 -0.0087 -0.6702 0.0043 0.7421
99.833450 106.9581 2.6810 184.9675 -0.0068 -0.6837 0.0028 0.7297
99.937560 106.3261 2.6817 184.9673 -0.0062 -0.6945 0.0006 0.7195
100.042000 105.6916 2.6876 184.9617 -0.0072 -0.7023 0.0005 0.7119
100.145800 105.0652 2.6891 184.9495 -0.0069 -0.7084 0.0011 0.7057
100.249900 104.4102 2.6808 184.9231 -0.0056 -0.7138 0.0035 0.7003
100.353900 103.7660 2.6698 184.8935 -0.0048 -0.7188 0.0075 0.6951
100.458000 103.0965 2.6707 184.8609 -0.0031 -0.7239 0.0119 0.6898
100.561800 102.4261 2.6615 184.8019 -0.0014 -0.7292 0.0121 0.6842
100.665600 101.7285 2.6503 184.7340 -0.0003 -0.7340 0.0111 0.6790
100.769500 101.0195 2.6367 184.6575 -0.0006 -0.7378 0.0106 0.6750
100.873400 100.2973 2.6226 184.5749 -0.0003 -0.7407 0.0111 0.6718
100.977200 99.5569 2.6071 184.4853 0.0003 -0.7425 0.0104 0.6698
101.081000 98.8135 2.5978 184.3837 0.0023 -0.7438 0.0090 0.6684
101.184700 98.0400 2.5843 184.2929 0.0027 -0.7452 0.0089 0.6668
101.288400 97.2721 2.5642 184.1945 0.0026 -0.7464 0.0084 0.6654
101.392200 96.4814 2.5457 184.0927 0.0015 -0.7482 0.0081 0.6635
101.495800 95.6862 2.5338 183.9803 0.0010 -0.7496 0.0065 0.6619
101.599500 94.8666 2.5177 183.8748 0.0020 -0.7517 0.0048 0.6595
101.703300 94.0326 2.5054 183.7359 0.0023 -0.7530 0.0037 0.6580
101.806900 93.1966 2.4916 183.6132 0.0031 -0.7545 0.0039 0.6563
101.910600 92.3596 2.4779 183.4877 0.0055 -0.7552 0.0047 0.6555
102.014400 91.5037 2.4584 183.3572 0.0074 -0.7555 0.0051 0.6551
102.118100 90.6324 2.4453 183.2246 0.0092 -0.7552 0.0058 0.6554
102.221800 89.7518 2.4242 183.0891 0.0083 -0.7547 0.0057 0.6560
102.325600 88.8430 2.3980 182.9694 0.0078 -0.7542 0.0040 0.6566
102.429300 87.9575 2.3676 182.8422 0.0083 -0.7536 0.0025 0.6573
102.532900 87.0655 2.3452 182.7295 0.0086 -0.7528 0.0022 0.6582
102.636700 86.1465 2.3306 182.6017 0.0091 -0.7520 0.0011 0.6591
102.740300 85.2156 2.3061 182.4714 0.0092 -0.7510 0.0002 0.6602
102.844100 84.3264 2.2821 182.3347 0.0084 -0.7499 -0.0014 0.6615
102.947600 83.3888 2.2727 182.2219 0.0069 -0.7492 -0.0032 0.6623
103.051300 82.4489 2.2531 182.1034 0.0046 -0.7486 -0.0061 0.6630
103.155000 81.5462 2.2539 181.9960 0.0035 -0.7478 -0.0073 0.6639
103.258700 80.6170 2.2294 181.8803 0.0049 -0.7470 -0.0079 0.6648
103.362200 79.7095 2.2248 181.7639 0.0070 -0.7462 -0.0070 0.6656
103.466500 78.7461 2.2223 181.6369 0.0073 -0.7453 -0.0059 0.6666
103.569600 77.8018 2.2107 181.5285 0.0075 -0.7447 -0.0070 0.6673
103.673300 76.8908 2.1961 181.4410 0.0063 -0.7444 -0.0059 0.6677
103.776800 75.9602 2.1829 181.3409 0.0062 -0.7440 -0.0047 0.6682
103.880500 75.0425 2.1656 181.2262 0.0072 -0.7431 -0.0047 0.6691
103.984100 74.1272 2.1483 181.1243 0.0088 -0.7425 -0.0062 0.6697
104.087700 73.1838 2.1395 181.0066 0.0110 -0.7419 -0.0067 0.6704
104.191300 72.2847 2.1198 180.9230 0.0123 -0.7412 -0.0078 0.6711
104.295000 71.3417 2.1061 180.8274 0.0131 -0.7405 -0.0097 0.6719
104.398600 70.4019 2.0943 180.7141 0.0140 -0.7395 -0.0118 0.6729
104.502300 69.4586 2.0947 180.6239 0.0135 -0.7388 -0.0122 0.6737
104.606000 68.5006 2.0792 180.5136 0.0108 -0.7379 -0.0099 0.6747
104.709600 67.5544 2.0837 180.4399 0.0100 -0.7373 -0.0064 0.6754
104.813200 66.6087 2.0697 180.3518 0.0111 -0.7367 -0.0056 0.6761
104.916800 65.6464 2.0612 180.2891 0.0095 -0.7367 -0.0073 0.6761
105.020600 64.6853 2.0485 180.2017 0.0060 -0.7367 -0.0097 0.6762
105.124200 63.7403 2.0331 180.1219 0.0047 -0.7366 -0.0099 0.6762
105.227800 62.8018 2.0337 180.0195 0.0091 -0.7368 -0.0105 0.6759
105.331400 61.8754 2.0208 179.9222 0.0132 -0.7371 -0.0091 0.6755
105.435200 60.9561 1.9995 179.8270 0.0133 -0.7375 -0.0066 0.6752
105.538900 60.0280 1.9756 179.7320 0.0133 -0.7380 -0.0058 0.6746
105.642600 59.0843 1.9598 179.6302 0.0130 -0.7381 -0.0064 0.6745
105.746100 58.1297 1.9397 179.5469 0.0120 -0.7384 -0.0064 0.6743
105.849900 57.2234 1.9202 179.4571 0.0121 -0.7380 -0.0067 0.6747
105.953500 56.2858 1.8960 179.3439 0.0128 -0.7369 -0.0068 0.6759
106.057600 55.3594 1.8758 179.2665 0.0132 -0.7360 -0.0065 0.6768
106.160900 54.4241 1.8557 179.1914 0.0117 -0.7352 -0.0073 0.6777
106.264500 53.5008 1.8360 179.1106 0.0122 -0.7343 -0.0068 0.6787
106.368200 52.5827 1.8098 179.0334 0.0134 -0.7334 -0.0060 0.6796
106.472000 51.6558 1.8026 178.9616 0.0135 -0.7327 -0.0036 0.6804
106.575600 50.7444 1.7890 178.8854 0.0127 -0.7323 -0.0049 0.6808
106.679300 49.8111 1.7672 178.8155 0.0111 -0.7322 -0.0069 0.6809
106.782900 48.8910 1.7521 178.7496 0.0104 -0.7323 -0.0064 0.6809
106.886500 47.9784 1.7323 178.6803 0.0112 -0.7324 -0.0047 0.6807
106.990300 47.0363 1.7231 178.6026 0.0120 -0.7328 -0.0027 0.6803
107.093900 46.1189 1.7004 178.5248 0.0103 -0.7338 -0.0010 0.6793
107.197500 45.1794 1.6817 178.4526 0.0082 -0.7353 -0.0005 0.6777
107.301100 44.2492 1.6665 178.3618 0.0067 -0.7368 0.0010 0.6761
107.404900 43.3098 1.6425 178.2702 0.0096 -0.7382 0.0001 0.6745
107.508500 42.3889 1.6227 178.1696 0.0121 -0.7395 -0.0004 0.6731
107.612200 41.4361 1.6051 178.0734 0.0108 -0.7403 -0.0020 0.6722
107.716000 40.4969 1.5863 177.9708 0.0094 -0.7403 -0.0042 0.6722
107.819600 39.5527 1.5694 177.8713 0.0084 -0.7404 -0.0061 0.6721
107.923300 38.6329 1.5504 177.7609 0.0101 -0.7405 -0.0031 0.6719
108.027100 37.6885 1.5361 177.6696 0.0107 -0.7407 0.0015 0.6718
108.130800 36.7739 1.5112 177.5861 0.0108 -0.7412 0.0038 0.6712
108.234600 35.8430 1.4784 177.4893 0.0095 -0.7410 0.0009 0.6715
108.338200 34.8859 1.4621 177.3830 0.0078 -0.7409 -0.0021 0.6716
108.441900 33.9239 1.4364 177.2816 0.0067 -0.7407 -0.0039 0.6717
108.545800 32.9588 1.4333 177.2005 0.0064 -0.7404 -0.0033 0.6722
108.649300 31.9975 1.4147 177.0995 0.0072 -0.7393 -0.0014 0.6733
108.753000 31.0459 1.3930 177.0151 0.0069 -0.7382 -0.0004 0.6745
108.857100 30.0979 1.3784 176.9184 0.0063 -0.7373 -0.0007 0.6755
108.960400 29.1251 1.3652 176.8427 0.0029 -0.7364 -0.0015 0.6765
109.064600 28.1645 1.3465 176.7647 0.0021 -0.7358 -0.0023 0.6772
109.167800 27.1798 1.3392 176.6738 0.0029 -0.7351 -0.0023 0.6779
109.271400 26.1800 1.3276 176.5754 0.0051 -0.7353 -0.0031 0.6778
109.375000 25.2082 1.3128 176.5012 0.0039 -0.7357 -0.0016 0.6773
109.478900 24.2122 1.2949 176.4003 0.0031 -0.7362 -0.0014 0.6768
109.582100 23.2146 1.2833 176.2992 0.0039 -0.7371 -0.0020 0.6757
109.685700 22.2298 1.2761 176.2096 0.0033 -0.7385 -0.0042 0.6742
109.789400 21.2446 1.2777 176.1074 0.0023 -0.7396 -0.0048 0.6730
109.893000 20.2460 1.2604 176.0081 0.0033 -0.7400 -0.0040 0.6726
109.996800 19.2691 1.2499 175.8932 0.0059 -0.7401 -0.0017 0.6725
110.100400 18.2842 1.2305 175.7863 0.0076 -0.7405 0.0000 0.6720
110.204300 17.2782 1.2030 175.6879 0.0079 -0.7412 -0.0004 0.6712
110.307900 16.3059 1.2068 175.5815 0.0068 -0.7419 -0.0022 0.6704
110.411800 15.3021 1.1964 175.4681 0.0071 -0.7426 -0.0066 0.6697
110.515400 14.3142 1.1791 175.3531 0.0084 -0.7432 -0.0067 0.6690
110.619600 13.3372 1.1652 175.2516 0.0096 -0.7440 -0.0039 0.6681
110.723200 12.3671 1.1395 175.1337 0.0136 -0.7447 0.0020 0.6672
110.827000 11.3276 1.1219 175.0525 0.0158 -0.7460 0.0070 0.6657
110.930400 10.3502 1.0817 174.9313 0.0140 -0.7465 0.0080 0.6652
111.034300 9.3584 1.0429 174.7996 0.0102 -0.7466 0.0037 0.6652
111.138000 8.3418 1.0179 174.6744 0.0069 -0.7468 -0.0011 0.6650
111.241600 7.3494 0.9996 174.5670 0.0045 -0.7468 -0.0039 0.6650
111.345300 6.3373 0.9854 174.4244 0.0053 -0.7463 -0.0045 0.6656
111.449000 5.3435 0.9625 174.3014 0.0067 -0.7458 -0.0019 0.6661
111.552700 4.3170 0.9585 174.1717 0.0073 -0.7451 0.0009 0.6669
111.656300 3.3727 0.9291 174.0735 0.0077 -0.7444 0.0028 0.6677
111.760100 2.3920 0.9049 173.9773 0.0072 -0.7439 0.0050 0.6682
111.863700 1.3945 0.8796 173.8697 0.0064 -0.7434 0.0063 0.6688
111.967300 0.4187 0.8465 173.7651 0.0049 -0.7428 0.0053 0.6694
112.070900 -0.5963 0.8257 173.6432 0.0035 -0.7422 0.0044 0.6702
112.174700 -1.5468 0.7974 173.5551 0.0032 -0.7418 0.0037 0.6706
112.278300 -2.4845 0.7647 173.4472 0.0043 -0.7411 0.0038 0.6713
112.382000 -3.4487 0.7401 173.3398 0.0056 -0.7406 0.0032 0.6720
112.485500 -4.4067 0.7142 173.2496 0.0046 -0.7402 0.0035 0.6724
112.589100 -5.3570 0.6961 173.1485 0.0040 -0.7399 0.0028 0.6727
112.692800 -6.3326 0.6781 173.0761 0.0027 -0.7398 0.0027 0.6728
112.796500 -7.2554 0.6578 172.9877 -0.0013 -0.7395 0.0035 0.6731
112.900000 -8.1831 0.6303 172.9120 -0.0036 -0.7399 0.0038 0.6727
113.003600 -9.0809 0.6024 172.8085 -0.0022 -0.7397 0.0037 0.6729
113.107300 -9.9669 0.5874 172.7376 -0.0042 -0.7398 0.0079 0.6728
113.211000 -10.8353 0.5755 172.6721 -0.0054 -0.7399 0.0097 0.6726
113.314700 -11.7200 0.5538 172.5526 0.0001 -0.7395 0.0070 0.6731
113.418300 -12.5458 0.5210 172.4628 0.0054 -0.7389 0.0057 0.6738
113.522000 -13.4141 0.5012 172.3841 0.0068 -0.7379 0.0081 0.6748
113.625700 -14.2528 0.4766 172.3041 0.0064 -0.7362 0.0065 0.6767
113.729300 -15.0791 0.4577 172.2228 0.0066 -0.7347 0.0020 0.6784
113.832800 -15.9009 0.4252 172.1498 0.0067 -0.7332 0.0000 0.6800
113.936500 -16.6996 0.4156 172.0859 0.0062 -0.7321 -0.0003 0.6811
114.040000 -17.4838 0.4006 172.0319 0.0057 -0.7311 0.0003 0.6822
114.143600 -18.2329 0.3664 171.9801 0.0050 -0.7298 -0.0000 0.6836
114.247300 -19.0065 0.3602 171.9601 0.0052 -0.7292 -0.0000 0.6843
114.350900 -19.7148 0.3439 171.9055 0.0053 -0.7279 -0.0002 0.6857
114.454300 -20.4243 0.3279 171.8464 0.0054 -0.7265 -0.0003 0.6871
114.558000 -21.1040 0.3155 171.8112 0.0046 -0.7259 0.0005 0.6878
114.661600 -21.7882 0.2931 171.7955 0.0032 -0.7261 0.0015 0.6876
114.765200 -22.4436 0.2794 171.7825 0.0029 -0.7263 0.0027 0.6874
114.868800 -23.0435 0.2652 171.7461 0.0026 -0.7268 0.0036 0.6869
114.972400 -23.6400 0.2494 171.7154 0.0016 -0.7279 0.0050 0.6857
115.076000 -24.1779 0.2068 171.6786 0.0006 -0.7295 0.0057 0.6839
115.179700 -24.7170 0.1990 171.6436 0.0005 -0.7319 0.0061 0.6814
115.283300 -25.2710 0.1861 171.5911 0.0004 -0.7348 0.0057 0.6782
115.386800 -25.7430 0.1824 171.5332 0.0004 -0.7385 0.0056 0.6742
115.490400 -26.2222 0.1611 171.4810 0.0001 -0.7432 0.0058 0.6690
115.593900 -26.6689 0.1493 171.4169 -0.0009 -0.7491 0.0076 0.6624
115.697400 -27.1007 0.1361 171.3453 -0.0002 -0.7562 0.0086 0.6543
115.800800 -27.5626 0.1245 171.2451 0.0006 -0.7647 0.0089 0.6444
115.904300 -27.9589 0.1159 171.1354 0.0011 -0.7748 0.0087 0.6322
116.008100 -28.3824 0.0982 170.9936 0.0008 -0.7864 0.0080 0.6177
116.111200 -28.7479 0.0909 170.8561 0.0007 -0.7992 0.0075 0.6010
116.214600 -29.1616 0.0853 170.6754 0.0018 -0.8126 0.0062 0.5828
116.317900 -29.5223 0.0623 170.4649 0.0037 -0.8259 0.0041 0.5637
116.421300 -29.8755 0.0600 170.2526 0.0074 -0.8393 0.0025 0.5437
116.524700 -30.2366 0.0522 170.0411 0.0094 -0.8524 0.0018 0.5228
116.628100 -30.5575 0.0456 169.7877 0.0100 -0.8650 0.0022 0.5017
116.731800 -30.9140 0.0347 169.5140 0.0099 -0.8773 0.0022 0.4798
116.835200 -31.2498 0.0348 169.2185 0.0099 -0.8894 0.0016 0.4570
116.938700 -31.5476 0.0211 168.9551 0.0096 -0.9014 -0.0006 0.4328
117.042600 -31.8916 0.0241 168.6089 0.0081 -0.9133 -0.0021 0.4073
117.145800 -32.2155 0.0150 168.2556 0.0054 -0.9247 -0.0035 0.3806
117.249500 -32.5297 0.0138 167.8602 0.0045 -0.9355 -0.0033 0.3532
117.352900 -32.7733 0.0229 167.4457 0.0059 -0.9454 -0.0027 0.3257
117.456600 -33.0596 0.0217 166.9913 0.0070 -0.9550 -0.0027 0.2964
117.560200 -33.3195 0.0270 166.5154 0.0082 -0.9636 -0.0022 0.2673
117.663700 -33.5492 0.0195 166.0384 0.0080 -0.9710 0.0001 0.2388
117.767400 -33.7555 0.0261 165.5146 0.0079 -0.9774 0.0022 0.2111
117.871000 -33.9224 0.0247 164.9880 0.0079 -0.9830 0.0020 0.1835
117.974800 -34.0751 0.0126 164.4355 0.0083 -0.9877 -0.0001 0.1558
118.078400 -34.1814 0.0091 163.8281 0.0103 -0.9916 -0.0022 0.1287
118.182100 -34.2857 0.0198 163.2095 0.0135 -0.9948 -0.0033 0.1013
118.285900 -34.3325 0.0228 162.5906 0.0159 -0.9969 -0.0057 0.0772
118.389600 -34.3772 0.0410 161.9521 0.0153 -0.9983 -0.0082 0.0560
118.493500 -34.4134 0.0408 161.3206 0.0158 -0.9991 -0.0082 0.0382
118.597500 -34.4145 0.0398 160.6601 0.0172 -0.9996 -0.0061 0.0232
118.701300 -34.3963 0.0412 159.9654 0.0195 -0.9997 -0.0029 0.0114
118.805300 -34.3946 0.0472 159.3079 0.0206 -0.9998 0.0003 0.0016
118.909400 -34.3646 0.0519 158.6027 0.0204 -0.9998 0.0000 -0.0058
119.013300 -34.3419 0.0560 157.8803 0.0196 -0.9997 -0.0034 -0.0110
119.117300 -34.3076 0.0548 157.1564 0.0193 -0.9997 -0.0061 -0.0140
119.221300 -34.2698 0.0474 156.4248 0.0183 -0.9997 -0.0069 -0.0163
119.325100 -34.2408 0.0541 155.6873 0.0173 -0.9997 -0.0052 -0.0184
119.429000 -34.2087 0.0525 154.9466 0.0165 -0.9997 -0.0006 -0.0205
119.532900 -34.1442 0.0536 154.2167 0.0165 -0.9996 0.0034 -0.0215
119.636600 -34.1197 0.0474 153.4593 0.0155 -0.9996 0.0040 -0.0229
119.740400 -34.0950 0.0432 152.6681 0.0142 -0.9996 0.0011 -0.0242
119.844100 -34.0511 0.0294 151.8713 0.0137 -0.9996 -0.0034 -0.0253
119.947800 -34.0252 0.0338 151.1067 0.0125 -0.9996 -0.0050 -0.0266
120.051500 -33.9605 0.0294 150.2965 0.0111 -0.9996 -0.0046 -0.0275
120.155200 -33.9286 0.0316 149.5083 0.0097 -0.9995 -0.0035 -0.0291
120.258800 -33.8725 0.0359 148.6752 0.0091 -0.9995 -0.0025 -0.0302
120.362400 -33.8171 0.0300 147.8211 0.0088 -0.9995 -0.0027 -0.0310
120.466000 -33.7480 0.0315 146.9710 0.0103 -0.9994 -0.0016 -0.0318
120.569700 -33.6704 0.0327 146.1242 0.0105 -0.9994 -0.0011 -0.0317
120.673400 -33.6244 0.0345 145.2672 0.0102 -0.9994 -0.0013 -0.0327
120.777000 -33.5650 0.0310 144.4061 0.0088 -0.9994 -0.0038 -0.0333
120.880700 -33.5109 0.0285 143.4988 0.0081 -0.9994 -0.0060 -0.0339
120.984400 -33.4296 0.0261 142.6223 0.0082 -0.9993 -0.0062 -0.0346
121.088000 -33.3708 0.0325 141.7207 0.0054 -0.9993 -0.0049 -0.0366
121.191600 -33.3070 0.0361 140.8465 0.0033 -0.9992 -0.0046 -0.0386
121.295300 -33.2176 0.0355 139.9387 0.0031 -0.9992 -0.0061 -0.0405
121.398800 -33.1224 0.0382 139.0195 0.0036 -0.9991 -0.0074 -0.0427
121.502400 -33.0405 0.0404 138.1157 0.0035 -0.9989 -0.0078 -0.0454
121.606200 -32.9397 0.0436 137.2236 0.0026 -0.9988 -0.0080 -0.0477
121.709800 -32.8537 0.0559 136.3494 0.0031 -0.9987 -0.0101 -0.0506
121.813500 -32.7646 0.0540 135.4522 0.0030 -0.9985 -0.0121 -0.0535
121.917200 -32.6469 0.0596 134.5512 0.0032 -0.9984 -0.0114 -0.0559
122.020900 -32.5407 0.0622 133.6813 0.0059 -0.9982 -0.0074 -0.0587
122.124500 -32.4103 0.0732 132.7941 0.0068 -0.9981 -0.0045 -0.0610
122.228200 -32.3035 0.0707 131.9138 0.0064 -0.9980 -0.0053 -0.0634
122.332000 -32.1822 0.0667 131.0210 0.0083 -0.9978 -0.0082 -0.0654
122.435600 -32.0536 0.0661 130.1449 0.0112 -0.9977 -0.0103 -0.0664
122.539300 -31.9256 0.0717 129.2431 0.0118 -0.9976 -0.0096 -0.0671
122.643100 -31.8038 0.0723 128.3726 0.0131 -0.9976 -0.0092 -0.0671
122.746800 -31.6667 0.0885 127.4978 0.0145 -0.9977 -0.0083 -0.0664
122.850400 -31.5450 0.0902 126.6097 0.0170 -0.9976 -0.0087 -0.0664
122.954200 -31.4159 0.0981 125.7338 0.0201 -0.9976 -0.0072 -0.0662
123.057800 -31.2863 0.0946 124.8669 0.0217 -0.9976 -0.0069 -0.0650
123.161600 -31.1640 0.0922 124.0268 0.0224 -0.9977 -0.0046 -0.0641
123.265200 -31.0527 0.0908 123.1827 0.0243 -0.9977 -0.0033 -0.0636
123.368800 -30.9458 0.0916 122.3602 0.0244 -0.9977 -0.0032 -0.0630
123.472400 -30.8373 0.0850 121.5541 0.0238 -0.9978 -0.0043 -0.0615
123.576200 -30.7405 0.0815 120.7259 0.0247 -0.9978 -0.0050 -0.0605
123.679700 -30.6463 0.0678 119.9529 0.0261 -0.9979 -0.0053 -0.0594
123.783400 -30.5445 0.0735 119.1742 0.0283 -0.9979 -0.0053 -0.0580
123.887000 -30.4515 0.0684 118.4084 0.0291 -0.9980 -0.0054 -0.0558
123.990700 -30.3657 0.0590 117.6624 0.0287 -0.9982 -0.0051 -0.0531
124.094500 -30.2904 0.0681 116.9254 0.0287 -0.9983 -0.0035 -0.0504
124.198100 -30.2255 0.0648 116.2356 0.0285 -0.9985 -0.0023 -0.0471
124.301800 -30.1638 0.0639 115.5467 0.0280 -0.9986 -0.0021 -0.0441
124.405600 -30.1057 0.0458 114.8910 0.0266 -0.9988 -0.0026 -0.0413
124.509200 -30.0671 0.0327 114.2663 0.0247 -0.9989 -0.0022 -0.0386
124.613000 -30.0315 0.0258 113.6510 0.0232 -0.9991 -0.0016 -0.0357
124.716500 -29.9900 0.0170 113.0108 0.0236 -0.9992 -0.0007 -0.0329
124.820300 -29.9660 0.0071 112.4047 0.0225 -0.9993 0.0009 -0.0301
124.923900 -29.9149 -0.0002 111.7878 0.0223 -0.9994 0.0017 -0.0270
125.027500 -29.8665 -0.0017 111.1489 0.0229 -0.9994 0.0024 -0.0244
125.131200 -29.8768 -0.0000 110.5552 0.0245 -0.9994 0.0027 -0.0225
125.234900 -29.8382 -0.0169 109.9545 0.0240 -0.9995 0.0005 -0.0204
125.338500 -29.8274 -0.0197 109.3475 0.0224 -0.9995 -0.0036 -0.0201
125.442100 -29.7856 -0.0275 108.7450 0.0218 -0.9996 -0.0064 -0.0190
125.545700 -29.7613 -0.0316 108.1549 0.0220 -0.9995 -0.0079 -0.0193
125.649300 -29.7318 -0.0238 107.5697 0.0239 -0.9994 -0.0113 -0.0208
125.753000 -29.6974 -0.0256 106.9809 0.0239 -0.9994 -0.0139 -0.0221
125.856700 -29.6666 -0.0122 106.4015 0.0211 -0.9994 -0.0127 -0.0246
125.960300 -29.6265 -0.0173 105.8193 0.0168 -0.9994 -0.0116 -0.0286
126.063800 -29.5955 -0.0183 105.2692 0.0142 -0.9993 -0.0089 -0.0346
126.167400 -29.5388 -0.0129 104.6998 0.0111 -0.9990 -0.0049 -0.0429
126.270900 -29.4823 -0.0025 104.1174 0.0088 -0.9985 -0.0039 -0.0535
126.374400 -29.3968 -0.0154 103.5568 0.0070 -0.9979 -0.0054 -0.0649
126.478000 -29.3076 -0.0270 102.9991 0.0072 -0.9970 -0.0052 -0.0771
126.581500 -29.2062 -0.0265 102.4680 0.0064 -0.9959 -0.0032 -0.0905
126.685100 -29.0721 -0.0278 101.9209 0.0062 -0.9944 -0.0034 -0.1058
126.788600 -28.9335 -0.0234 101.3703 0.0058 -0.9924 -0.0047 -0.1232
126.892100 -28.7542 -0.0160 100.8426 0.0067 -0.9899 -0.0059 -0.1415
126.995700 -28.5602 -0.0145 100.3144 0.0090 -0.9867 -0.0085 -0.1620
127.099200 -28.3411 -0.0207 99.8278 0.0107 -0.9829 -0.0113 -0.1835
127.202700 -28.0871 0.0126 99.3128 0.0109 -0.9782 -0.0104 -0.2070
127.306200 -27.8250 0.0189 98.8381 0.0106 -0.9728 -0.0108 -0.2312
127.409600 -27.5402 0.0188 98.3790 0.0100 -0.9664 -0.0115 -0.2567
127.513100 -27.2268 0.0276 97.9473 0.0096 -0.9591 -0.0107 -0.2827
127.616800 -26.8889 0.0310 97.5274 0.0075 -0.9511 -0.0085 -0.3087
127.720200 -26.5330 0.0425 97.1326 0.0058 -0.9421 -0.0061 -0.3352
127.823900 -26.1601 0.0592 96.7547 0.0052 -0.9323 -0.0042 -0.3615
127.927500 -25.7675 0.0613 96.4235 0.0033 -0.9221 -0.0040 -0.3870
128.031100 -25.3438 0.0716 96.0702 -0.0001 -0.9111 -0.0062 -0.4121
128.134900 -24.9580 0.0607 95.8147 -0.0013 -0.9001 -0.0102 -0.4355
128.238600 -24.5136 0.0695 95.5403 -0.0015 -0.8885 -0.0125 -0.4587
128.342200 -24.0473 0.0768 95.2760 -0.0007 -0.8764 -0.0125 -0.4815
128.445900 -23.5978 0.0711 95.0533 0.0029 0.8640 0.0131 0.5034
128.549600 -23.1834 0.0885 94.8355 0.0042 0.8509 0.0127 0.5252
128.653300 -22.6988 0.0922 94.6838 0.0038 0.8383 0.0125 0.5450
128.757000 -22.2816 0.0769 94.4973 0.0016 0.8249 0.0118 0.5651
128.860800 -21.7398 0.0722 94.3736 -0.0008 0.8123 0.0115 0.5831
128.964400 -21.2547 0.0873 94.2543 -0.0030 0.8001 0.0106 0.5998
129.068200 -20.7414 0.0792 94.1688 -0.0064 0.7895 0.0101 0.6137
129.172100 -20.2190 0.0884 94.0884 -0.0106 0.7806 0.0081 0.6248
129.276000 -19.7173 0.0944 94.0179 -0.0155 0.7736 0.0048 0.6334
129.380000 -19.1999 0.0980 93.9527 -0.0195 0.7686 0.0024 0.6394
129.484000 -18.7281 0.1096 93.8784 -0.0196 0.7651 0.0020 0.6436
129.588000 -18.2106 0.1277 93.7965 -0.0191 0.7626 0.0012 0.6466
129.691900 -17.7097 0.1291 93.7357 -0.0181 0.7615 0.0011 0.6479
129.796000 -17.2071 0.1463 93.6615 -0.0197 0.7614 -0.0008 0.6480
129.899900 -16.7064 0.1383 93.5782 -0.0203 0.7618 -0.0014 0.6475
130.004000 -16.2209 0.1432 93.4956 -0.0183 0.7633 -0.0009 0.6457
130.108000 -15.7366 0.1485 93.3870 -0.0155 0.7666 -0.0001 0.6420
130.212100 -15.2571 0.1588 93.2855 -0.0141 0.7721 0.0010 0.6354
130.316000 -14.8050 0.1593 93.1482 -0.0147 0.7782 0.0021 0.6279
130.420800 -14.3472 0.1719 93.0404 -0.0173 0.7872 0.0023 0.6164
130.524300 -13.8835 0.1743 92.8939 -0.0199 0.7978 0.0052 0.6026
130.628400 -13.4602 0.1801 92.7265 -0.0214 0.8092 0.0099 0.5871
130.732300 -13.1029 0.1756 92.5290 -0.0139 0.8213 0.0165 0.5702
130.836500 -12.7357 0.1742 92.3113 -0.0075 0.8343 0.0184 0.5509
130.940700 -12.4077 0.1766 92.1057 -0.0040 0.8485 0.0152 0.5290
131.044700 -12.0778 0.1793 91.9026 -0.0055 0.8628 0.0089 0.5054
131.148800 -11.7577 0.1872 91.6862 0.0108 -0.8772 -0.0033 -0.4799
131.252900 -11.4562 0.2035 91.4335 0.0147 -0.8914 -0.0023 -0.4530
131.356800 -11.1754 0.2105 91.1505 0.0141 -0.9048 -0.0062 -0.4256
131.460800 -10.9284 0.2144 90.8396 0.0105 -0.9171 -0.0111 -0.3983
131.564700 -10.7212 0.2159 90.5367 0.0089 -0.9285 -0.0125 -0.3709
131.668400 -10.5099 0.2137 90.2296 0.0081 -0.9393 -0.0118 -0.3427
131.772200 -10.3171 0.2132 89.9091 0.0068 -0.9490 -0.0103 -0.3151
131.875700 -10.1567 0.2175 89.5968 0.0060 -0.9574 -0.0089 -0.2887
131.979400 -10.0134 0.2207 89.2805 0.0072 -0.9642 -0.0079 -0.2650
132.082800 -9.8655 0.2290 88.9297 0.0090 -0.9698 -0.0077 -0.2435
132.186300 -9.7100 0.2411 88.5730 0.0116 -0.9750 -0.0073 -0.2218
132.290000 -9.5967 0.2456 88.2132 0.0124 -0.9796 -0.0077 -0.2005
132.393600 -9.4894 0.2419 87.8315 0.0119 -0.9835 -0.0095 -0.1802
132.497100 -9.3733 0.2422 87.4419 0.0106 -0.9868 -0.0110 -0.1610
132.600700 -9.2839 0.2383 87.0190 0.0098 -0.9895 -0.0107 -0.1441
132.704200 -9.1936 0.2406 86.5987 0.0081 -0.9915 -0.0098 -0.1292
132.807500 -9.1072 0.2435 86.1786 0.0072 -0.9930 -0.0078 -0.1176
132.911000 -9.0183 0.2581 85.7291 0.0075 -0.9941 -0.0054 -0.1082
133.014400 -8.9357 0.2583 85.2608 0.0084 -0.9949 -0.0034 -0.1004
133.117900 -8.8407 0.2667 84.7838 0.0091 -0.9957 -0.0010 -0.0926
133.221400 -8.7577 0.2623 84.2811 0.0092 -0.9963 0.0002 -0.0850
133.325000 -8.6920 0.2559 83.7660 0.0081 -0.9969 0.0008 -0.0776
133.428500 -8.6304 0.2596 83.2331 0.0064 -0.9974 0.0006 -0.0720
133.532000 -8.5395 0.2507 82.6943 0.0049 -0.9977 -0.0004 -0.0677
133.635500 -8.4768 0.2513 82.1042 0.0037 -0.9978 -0.0015 -0.0664
133.738900 -8.3958 0.2548 81.5259 0.0036 -0.9978 -0.0028 -0.0661
133.842500 -8.3045 0.2475 80.9052 0.0041 -0.9978 -0.0046 -0.0655
133.946100 -8.2368 0.2483 80.3036 0.0045 -0.9979 -0.0049 -0.0648
134.049700 -8.1302 0.2535 79.6610 0.0047 -0.9980 -0.0050 -0.0636
134.153300 -8.0501 0.2573 79.0243 0.0048 -0.9980 -0.0048 -0.0631
134.257000 -7.9709 0.2618 78.3461 0.0048 -0.9981 -0.0039 -0.0619
134.360800 -7.8870 0.2684 77.6653 0.0048 -0.9981 -0.0024 -0.0607
134.464400 -7.8007 0.2689 76.9604 0.0055 -0.9982 -0.0014 -0.0591
134.568000 -7.7216 0.2664 76.2364 0.0055 -0.9983 -0.0010 -0.0582
134.671600 -7.6254 0.2669 75.5391 0.0067 -0.9984 -0.0009 -0.0569
134.775400 -7.5346 0.2642 74.7816 0.0071 -0.9984 -0.0012 -0.0560
134.879000 -7.4598 0.2602 74.0844 0.0069 -0.9985 -0.0019 -0.0547
134.982600 -7.3711 0.2597 73.2908 0.0066 -0.9985 -0.0026 -0.0537
135.086200 -7.2857 0.2631 72.5034 0.0063 -0.9986 -0.0029 -0.0522
135.189900 -7.2090 0.2561 71.7344 0.0061 -0.9987 -0.0034 -0.0508
135.293600 -7.1454 0.2494 70.9651 0.0056 -0.9987 -0.0033 -0.0497
135.397200 -7.0456 0.2562 70.1240 0.0043 -0.9988 -0.0032 -0.0486
135.500800 -6.9731 0.2519 69.3277 0.0038 -0.9988 -0.0033 -0.0478
135.604400 -6.8869 0.2546 68.4849 0.0037 -0.9989 -0.0026 -0.0471
135.708100 -6.8108 0.2470 67.6524 0.0039 -0.9989 -0.0018 -0.0465
135.811800 -6.7385 0.2397 66.8372 0.0041 -0.9989 -0.0002 -0.0457
135.915400 -6.6464 0.2351 66.0009 0.0055 -0.9990 0.0010 -0.0444
136.019200 -6.5791 0.2205 65.1934 0.0071 -0.9990 0.0018 -0.0436
136.122700 -6.5045 0.2113 64.3195 0.0063 -0.9990 0.0015 -0.0431
136.226500 -6.4246 0.2015 63.4414 0.0060 -0.9991 0.0004 -0.0429
136.330200 -6.3424 0.1961 62.5662 0.0052 -0.9990 -0.0011 -0.0434
136.433700 -6.2689 0.1856 61.6770 0.0035 -0.9990 -0.0024 -0.0448
136.537400 -6.1807 0.1897 60.8035 0.0021 -0.9989 -0.0027 -0.0459
136.641100 -6.1010 0.1804 59.9369 0.0011 -0.9989 -0.0030 -0.0478
136.744900 -6.0219 0.1742 59.0683 0.0005 -0.9988 -0.0025 -0.0495
136.848400 -5.9331 0.1646 58.2074 0.0011 -0.9987 -0.0013 -0.0512
136.952000 -5.8247 0.1544 57.3090 0.0013 -0.9986 -0.0005 -0.0526
137.055800 -5.7305 0.1401 56.4499 0.0014 -0.9986 -0.0005 -0.0536
137.159500 -5.6295 0.1319 55.5839 0.0026 -0.9985 0.0001 -0.0542
137.263200 -5.5288 0.1214 54.7150 0.0034 -0.9985 -0.0000 -0.0549
137.366900 -5.4195 0.1176 53.8347 0.0042 -0.9984 -0.0018 -0.0556
137.470600 -5.3166 0.1193 52.9915 0.0059 -0.9984 -0.0060 -0.0564
137.574300 -5.2167 0.1112 52.1127 0.0032 -0.9983 -0.0083 -0.0572
137.678000 -5.1125 0.1167 51.2374 0.0028 -0.9983 -0.0064 -0.0583
137.781700 -4.9923 0.1108 50.4036 0.0041 -0.9983 -0.0014 -0.0588
137.885300 -4.8790 0.1036 49.5673 0.0038 -0.9982 0.0030 -0.0593
137.988900 -4.7830 0.0969 48.6985 0.0019 -0.9982 0.0031 -0.0597
138.092700 -4.6844 0.0819 47.8441 0.0009 -0.9982 -0.0005 -0.0594
138.196300 -4.5870 0.0676 47.0182 0.0018 -0.9982 -0.0051 -0.0595
138.299900 -4.4664 0.0590 46.1650 0.0022 -0.9982 -0.0062 -0.0588
138.403500 -4.3857 0.0524 45.3622 0.0006 -0.9982 -0.0044 -0.0591
138.507100 -4.2877 0.0463 44.5271 -0.0007 -0.9982 -0.0023 -0.0594
138.610700 -4.1771 0.0438 43.7180 -0.0018 -0.9982 -0.0023 -0.0595
138.714400 -4.0815 0.0342 42.9028 -0.0014 -0.9982 -0.0041 -0.0603
138.818000 -3.9808 0.0276 42.0848 -0.0010 -0.9981 -0.0051 -0.0609
138.921600 -3.8817 0.0316 41.2988 -0.0009 -0.9981 -0.0044 -0.0615
139.025200 -3.7908 0.0096 40.5023 -0.0002 -0.9981 -0.0032 -0.0622
139.128800 -3.6982 -0.0007 39.7089 -0.0008 -0.9980 -0.0023 -0.0629
139.232600 -3.5760 0.0022 38.9104 -0.0012 -0.9980 -0.0021 -0.0632
139.336200 -3.4664 -0.0060 38.1155 -0.0015 -0.9980 -0.0030 -0.0638
139.439900 -3.3667 -0.0149 37.3307 -0.0014 -0.9979 -0.0042 -0.0645
139.543400 -3.2489 -0.0209 36.5531 -0.0015 -0.9979 -0.0046 -0.0649
139.647200 -3.1536 -0.0168 35.7804 -0.0017 -0.9978 -0.0047 -0.0657
139.750900 -3.0540 -0.0280 35.0339 -0.0014 -0.9978 -0.0047 -0.0664
139.854600 -2.9315 -0.0317 34.2836 0.0000 -0.9978 -0.0047 -0.0668
139.958400 -2.8211 -0.0377 33.5614 0.0016 -0.9977 -0.0048 -0.0671
140.061900 -2.7309 -0.0475 32.8743 0.0029 -0.9977 -0.0046 -0.0679
140.165400 -2.6174 -0.0528 32.1684 0.0044 -0.9977 -0.0039 -0.0681
140.269100 -2.5028 -0.0576 31.4757 0.0062 -0.9977 -0.0032 -0.0680
140.372700 -2.4034 -0.0590 30.7840 0.0069 -0.9977 -0.0026 -0.0678
140.476300 -2.3058 -0.0654 30.1092 0.0077 -0.9977 -0.0024 -0.0675
140.579900 -2.2163 -0.0734 29.4191 0.0095 -0.9977 -0.0025 -0.0677
140.683700 -2.1128 -0.0716 28.7424 0.0099 -0.9977 -0.0031 -0.0669
140.787500 -2.0367 -0.0803 28.0750 0.0094 -0.9977 -0.0042 -0.0667
140.890900 -1.9464 -0.0872 27.4105 0.0086 -0.9978 -0.0052 -0.0658
140.994700 -1.8585 -0.0995 26.7440 0.0081 -0.9979 -0.0053 -0.0647
141.098300 -1.7725 -0.0923 26.1022 0.0077 -0.9979 -0.0042 -0.0636
141.202000 -1.7080 -0.1099 25.4906 0.0079 -0.9980 -0.0033 -0.0628
141.305500 -1.6301 -0.1108 24.8908 0.0082 -0.9981 -0.0022 -0.0616
141.409400 -1.5636 -0.1179 24.3031 0.0079 -0.9982 -0.0021 -0.0601
141.513000 -1.4863 -0.1262 23.7300 0.0085 -0.9983 -0.0023 -0.0579
141.616500 -1.4148 -0.1291 23.1758 0.0090 -0.9984 -0.0026 -0.0553
141.720100 -1.3637 -0.1346 22.6444 0.0097 -0.9985 -0.0038 -0.0529
141.823700 -1.3070 -0.1402 22.1068 0.0105 -0.9987 -0.0045 -0.0497
141.927400 -1.2482 -0.1414 21.6192 0.0108 -0.9989 -0.0041 -0.0455
142.031100 -1.2289 -0.1493 21.1445 0.0109 -0.9990 -0.0038 -0.0421
142.134700 -1.1879 -0.1557 20.6596 0.0103 -0.9992 -0.0040 -0.0377
142.238400 -1.1676 -0.1528 20.2386 0.0097 -0.9994 -0.0042 -0.0335
142.342200 -1.1471 -0.1548 19.8094 0.0093 -0.9995 -0.0041 -0.0287
142.445800 -1.1383 -0.1573 19.3742 0.0091 -0.9997 -0.0037 -0.0241
142.549500 -1.1159 -0.1633 18.9994 0.0089 -0.9998 -0.0039 -0.0192
142.653300 -1.1064 -0.1658 18.6117 0.0090 -0.9999 -0.0045 -0.0140
142.756900 -1.1007 -0.1749 18.2677 0.0093 -0.9999 -0.0054 -0.0088
142.860600 -1.1143 -0.1712 17.8977 0.0094 -0.9999 -0.0060 -0.0034
142.964300 -1.1401 -0.1819 17.5791 0.0069 -1.0000 -0.0055 0.0023
143.068000 -1.1706 -0.1861 17.2590 0.0041 -0.9999 -0.0046 0.0079
