# ground truth
# dataset path: /home/lihua/Document/kitti_dataset/00/
# time: Wed Dec 30 11:34:31 2020
# timestamp tx ty tz qx qy qz qw
58.061270 0.0000 0.0000 0.0000 0.0000 0.0000 0.0000 1.0000
58.164910 0.0012 -0.0009 0.0798 0.0010 0.0006 0.0001 1.0000
58.268620 0.0047 -0.0033 0.1787 0.0016 0.0017 0.0002 1.0000
58.372240 0.0083 -0.0063 0.2982 0.0021 0.0034 0.0003 1.0000
58.475980 0.0151 -0.0096 0.4372 0.0030 0.0061 0.0006 1.0000
58.579590 0.0243 -0.0123 0.5951 0.0037 0.0098 0.0007 0.9999
58.683350 0.0373 -0.0127 0.7729 0.0039 0.0145 0.0006 0.9999
58.786950 0.0536 -0.0109 0.9670 0.0041 0.0203 0.0001 0.9998
58.890710 0.0720 -0.0087 1.1756 0.0045 0.0273 -0.0006 0.9996
58.994310 0.1024 -0.0092 1.3975 0.0042 0.0354 -0.0006 0.9994
59.098080 0.1384 -0.0128 1.6363 0.0018 0.0449 0.0002 0.9990
59.201790 0.1848 -0.0153 1.8856 -0.0007 0.0562 0.0001 0.9984
59.305420 0.2372 -0.0131 2.1401 -0.0010 0.0682 -0.0002 0.9977
59.409140 0.2988 -0.0140 2.3997 -0.0007 0.0813 0.0011 0.9967
59.513100 0.3840 -0.0134 2.6688 -0.0007 0.0965 0.0025 0.9953
59.616750 0.4871 -0.0135 2.9440 -0.0010 0.1133 0.0047 0.9935
59.720500 0.5885 -0.0151 3.2228 -0.0017 0.1315 0.0075 0.9913
59.824230 0.7224 -0.0145 3.5119 -0.0038 0.1520 0.0092 0.9883
59.928100 0.8469 -0.0130 3.8054 -0.0068 0.1740 0.0094 0.9847
60.032120 1.0132 -0.0087 4.1017 -0.0089 0.1977 0.0078 0.9802
60.135780 1.2004 -0.0045 4.3952 -0.0103 0.2229 0.0062 0.9748
60.239770 1.3793 -0.0006 4.6826 -0.0114 0.2487 0.0071 0.9685
60.343300 1.6172 0.0018 4.9610 -0.0120 0.2755 0.0091 0.9612
60.447190 1.8793 0.0038 5.2314 -0.0116 0.3034 0.0108 0.9527
60.551000 2.1156 0.0116 5.4909 -0.0101 0.3318 0.0110 0.9432
60.654780 2.4190 0.0235 5.7399 -0.0073 0.3612 0.0103 0.9324
60.758610 2.6956 0.0362 5.9802 -0.0059 0.3911 0.0084 0.9203
60.862280 3.0519 0.0460 6.2103 -0.0057 0.4214 0.0076 0.9068
60.966000 3.4384 0.0540 6.4266 -0.0066 0.4508 0.0085 0.8926
61.069630 3.8029 0.0607 6.6212 -0.0064 0.4785 0.0110 0.8780
61.173270 4.2423 0.0640 6.8016 -0.0060 0.5050 0.0135 0.8630
61.276850 4.6986 0.0691 6.9680 -0.0054 0.5300 0.0150 0.8478
61.380460 5.1396 0.0772 7.1157 -0.0044 0.5532 0.0155 0.8329
61.483950 5.6304 0.0876 7.2516 -0.0027 0.5742 0.0143 0.8186
61.587570 6.1220 0.0962 7.3736 -0.0020 0.5938 0.0134 0.8045
61.691060 6.6643 0.1012 7.4822 -0.0025 0.6111 0.0138 0.7914
61.794550 7.2284 0.1060 7.5753 -0.0030 0.6261 0.0145 0.7796
61.897900 7.7951 0.1122 7.6577 -0.0034 0.6388 0.0151 0.7692
62.002740 8.4041 0.1198 7.7236 -0.0030 0.6494 0.0164 0.7602
62.104790 9.0100 0.1298 7.7823 -0.0021 0.6575 0.0175 0.7532
62.208130 9.6386 0.1399 7.8368 -0.0018 0.6640 0.0185 0.7475
62.311500 10.2891 0.1510 7.8928 -0.0018 0.6688 0.0190 0.7432
62.414860 10.9544 0.1634 7.9442 -0.0014 0.6724 0.0190 0.7400
62.518230 11.6340 0.1762 7.9908 -0.0010 0.6755 0.0186 0.7371
62.621740 12.3311 0.1886 8.0364 -0.0003 0.6780 0.0186 0.7348
62.725220 13.0441 0.1999 8.0795 0.0002 0.6795 0.0185 0.7334
62.828700 13.7705 0.2118 8.1251 0.0002 0.6806 0.0188 0.7325
62.932200 14.5156 0.2238 8.1703 -0.0001 0.6813 0.0193 0.7318
63.035810 15.2790 0.2387 8.2215 -0.0010 0.6817 0.0199 0.7314
63.139420 16.0606 0.2561 8.2711 -0.0018 0.6819 0.0211 0.7311
63.242920 16.8539 0.2767 8.3203 -0.0019 0.6818 0.0215 0.7312
63.346530 17.6611 0.2993 8.3718 -0.0012 0.6812 0.0214 0.7318
63.450150 18.4818 0.3246 8.4232 0.0005 0.6805 0.0207 0.7324
63.553890 19.3111 0.3472 8.4782 0.0021 0.6801 0.0180 0.7329
63.657500 20.1589 0.3668 8.5360 0.0029 0.6800 0.0157 0.7330
63.761250 21.0219 0.3835 8.5973 0.0023 0.6800 0.0149 0.7331
63.864990 21.9046 0.4013 8.6564 -0.0002 0.6800 0.0171 0.7330
63.968620 22.7968 0.4196 8.7172 -0.0038 0.6801 0.0209 0.7328
64.072220 23.7014 0.4410 8.7768 -0.0050 0.6801 0.0234 0.7328
64.175970 24.6118 0.4656 8.8357 -0.0031 0.6799 0.0242 0.7329
64.279620 25.5293 0.4932 8.8934 0.0005 0.6795 0.0230 0.7333
64.383180 26.4590 0.5172 8.9552 0.0041 0.6791 0.0211 0.7337
64.486930 27.4015 0.5348 9.0220 0.0058 0.6787 0.0196 0.7341
64.590710 28.3634 0.5473 9.0921 0.0061 0.6785 0.0191 0.7344
64.694300 29.3349 0.5581 9.1679 0.0046 0.6781 0.0188 0.7347
64.797940 30.3204 0.5709 9.2433 0.0021 0.6781 0.0203 0.7347
64.901640 31.3225 0.5885 9.3186 -0.0011 0.6781 0.0226 0.7346
65.005340 32.3301 0.6078 9.3813 -0.0025 0.6784 0.0241 0.7343
65.108990 33.3360 0.6310 9.4468 -0.0012 0.6786 0.0242 0.7341
65.212830 34.3480 0.6517 9.5096 0.0009 0.6787 0.0233 0.7340
65.316220 35.3665 0.6705 9.5773 0.0027 0.6786 0.0221 0.7342
65.419850 36.3972 0.6859 9.6444 0.0039 0.6785 0.0222 0.7343
65.523620 37.4333 0.7006 9.7163 0.0038 0.6782 0.0223 0.7345
65.627110 38.4800 0.7198 9.7849 0.0033 0.6778 0.0240 0.7349
65.730790 39.5311 0.7371 9.8598 0.0020 0.6770 0.0251 0.7355
65.834430 40.5808 0.7548 9.9361 0.0027 0.6764 0.0252 0.7361
65.938040 41.6277 0.7749 10.0103 0.0060 0.6757 0.0241 0.7367
66.041660 42.6777 0.7857 10.0885 0.0074 0.6752 0.0222 0.7372
66.145270 43.7343 0.7911 10.1674 0.0077 0.6748 0.0217 0.7376
66.248940 44.7967 0.7984 10.2526 0.0065 0.6742 0.0216 0.7382
66.352630 45.8607 0.8093 10.3350 0.0046 0.6738 0.0225 0.7386
66.456240 46.9244 0.8208 10.4210 0.0023 0.6732 0.0235 0.7391
66.559860 47.9828 0.8350 10.5057 0.0004 0.6728 0.0242 0.7395
66.663590 49.0363 0.8524 10.5929 -0.0007 0.6725 0.0236 0.7397
66.767240 50.0825 0.8724 10.6763 -0.0005 0.6725 0.0233 0.7397
66.870960 51.1254 0.8904 10.7594 0.0007 0.6726 0.0230 0.7396
66.974570 52.1620 0.9050 10.8444 0.0016 0.6727 0.0216 0.7396
67.078310 53.1988 0.9180 10.9258 0.0036 0.6727 0.0207 0.7397
67.181930 54.2325 0.9276 11.0099 0.0041 0.6726 0.0200 0.7397
67.285670 55.2661 0.9356 11.0938 0.0032 0.6728 0.0203 0.7395
67.389280 56.2965 0.9415 11.1827 0.0014 0.6730 0.0206 0.7394
67.492970 57.3213 0.9480 11.2718 -0.0000 0.6732 0.0204 0.7392
67.596630 58.3451 0.9589 11.3612 -0.0008 0.6733 0.0201 0.7391
67.700270 59.3684 0.9746 11.4537 -0.0026 0.6735 0.0207 0.7389
67.803900 60.3955 0.9961 11.5453 -0.0052 0.6737 0.0216 0.7386
67.907590 61.4209 1.0210 11.6367 -0.0064 0.6739 0.0210 0.7385
68.011290 62.4380 1.0441 11.7275 -0.0056 0.6742 0.0181 0.7383
68.114970 63.4558 1.0667 11.8164 -0.0044 0.6743 0.0156 0.7383
68.218650 64.4751 1.0851 11.9065 -0.0044 0.6746 0.0138 0.7381
68.322220 65.4939 1.0981 11.9970 -0.0054 0.6748 0.0123 0.7379
68.425940 66.5137 1.1124 12.0866 -0.0055 0.6749 0.0109 0.7378
68.529590 67.5333 1.1259 12.1733 -0.0061 0.6749 0.0110 0.7378
68.633170 68.5613 1.1382 12.2601 -0.0071 0.6749 0.0117 0.7378
68.736910 69.5889 1.1525 12.3368 -0.0076 0.6747 0.0127 0.7379
68.840530 70.6186 1.1693 12.4115 -0.0077 0.6745 0.0130 0.7381
68.944270 71.6519 1.1872 12.4913 -0.0079 0.6746 0.0126 0.7380
69.047890 72.6880 1.2051 12.5684 -0.0077 0.6749 0.0127 0.7377
69.151620 73.7311 1.2226 12.6472 -0.0079 0.6752 0.0127 0.7375
69.255320 74.7773 1.2403 12.7245 -0.0074 0.6755 0.0129 0.7372
69.359000 75.8287 1.2535 12.8042 -0.0075 0.6756 0.0126 0.7371
69.462640 76.8867 1.2705 12.8889 -0.0082 0.6759 0.0129 0.7369
69.566330 77.9476 1.2829 12.9703 -0.0075 0.6761 0.0130 0.7367
69.669950 79.0072 1.2977 13.0543 -0.0063 0.6762 0.0109 0.7366
69.773710 80.0784 1.3077 13.1429 -0.0049 0.6763 0.0095 0.7366
69.877300 81.1562 1.3170 13.2295 -0.0055 0.6762 0.0113 0.7366
69.980930 82.2363 1.3213 13.3225 -0.0075 0.6763 0.0130 0.7365
70.084660 83.3187 1.3296 13.4148 -0.0088 0.6764 0.0136 0.7363
70.188400 84.3994 1.3405 13.5071 -0.0092 0.6766 0.0147 0.7361
70.292030 85.4788 1.3528 13.6008 -0.0101 0.6767 0.0151 0.7360
70.395630 86.5536 1.3660 13.6905 -0.0097 0.6768 0.0160 0.7359
70.499370 87.6241 1.3786 13.7781 -0.0080 0.6767 0.0164 0.7360
70.602990 88.6917 1.3908 13.8655 -0.0066 0.6767 0.0159 0.7361
70.706610 89.7582 1.4014 13.9532 -0.0051 0.6766 0.0160 0.7362
70.810370 90.8256 1.4134 14.0399 -0.0054 0.6765 0.0170 0.7363
70.913960 91.8949 1.4255 14.1316 -0.0055 0.6765 0.0189 0.7362
71.017600 92.9630 1.4394 14.2266 -0.0059 0.6764 0.0211 0.7363
71.121200 94.0273 1.4516 14.3259 -0.0057 0.6762 0.0228 0.7363
71.224820 95.0810 1.4666 14.4195 -0.0037 0.6762 0.0227 0.7364
71.328430 96.1306 1.4817 14.5122 -0.0009 0.6761 0.0224 0.7365
71.432160 97.1798 1.4946 14.6005 0.0002 0.6760 0.0225 0.7366
71.535850 98.2143 1.5021 14.6906 0.0001 0.6758 0.0232 0.7367
71.639400 99.2418 1.5093 14.7801 -0.0002 0.6754 0.0248 0.7370
71.743010 100.2578 1.5195 14.8684 -0.0004 0.6750 0.0264 0.7374
71.846650 101.2664 1.5317 14.9572 -0.0009 0.6746 0.0281 0.7376
71.950250 102.2649 1.5474 15.0405 -0.0007 0.6742 0.0293 0.7380
72.053920 103.2551 1.5614 15.1249 0.0003 0.6738 0.0295 0.7383
72.157490 104.2376 1.5772 15.2120 0.0016 0.6734 0.0295 0.7387
72.261240 105.2106 1.5926 15.3026 0.0021 0.6731 0.0289 0.7390
72.364830 106.1700 1.6067 15.3947 0.0018 0.6727 0.0282 0.7393
72.468450 107.1181 1.6203 15.4859 0.0018 0.6724 0.0281 0.7396
72.572060 108.0566 1.6319 15.5766 0.0011 0.6722 0.0282 0.7398
72.675720 108.9827 1.6426 15.6693 0.0002 0.6720 0.0280 0.7400
72.779440 109.8966 1.6545 15.7618 -0.0001 0.6719 0.0268 0.7402
72.883040 110.7909 1.6691 15.8501 0.0003 0.6719 0.0258 0.7402
72.986770 111.6704 1.6853 15.9347 0.0009 0.6721 0.0256 0.7400
73.090510 112.5375 1.6974 16.0172 0.0006 0.6726 0.0256 0.7396
73.194190 113.3861 1.7072 16.0974 0.0001 0.6732 0.0256 0.7390
73.297870 114.2178 1.7158 16.1700 0.0001 0.6738 0.0266 0.7384
73.401490 115.0269 1.7219 16.2367 0.0006 0.6743 0.0276 0.7379
73.505110 115.8137 1.7246 16.2990 0.0004 0.6749 0.0280 0.7374
73.608900 116.5876 1.7251 16.3531 0.0006 0.6755 0.0297 0.7367
73.712560 117.3314 1.7320 16.4074 0.0004 0.6760 0.0307 0.7362
73.816140 118.0531 1.7367 16.4637 -0.0009 0.6766 0.0305 0.7357
73.919840 118.7492 1.7426 16.5140 -0.0010 0.6772 0.0306 0.7352
74.023430 119.4170 1.7450 16.5646 0.0003 0.6776 0.0296 0.7348
74.127170 120.0611 1.7450 16.6128 0.0023 0.6781 0.0278 0.7344
74.230880 120.6862 1.7485 16.6600 0.0032 0.6787 0.0266 0.7339
74.334400 121.2912 1.7535 16.7049 0.0028 0.6790 0.0268 0.7336
74.438030 121.8782 1.7581 16.7465 0.0021 0.6791 0.0276 0.7335
74.541650 122.4409 1.7559 16.7873 0.0007 0.6790 0.0290 0.7336
74.645260 122.9816 1.7544 16.8277 0.0001 0.6783 0.0295 0.7342
74.748860 123.4916 1.7535 16.8679 0.0005 0.6770 0.0281 0.7355
74.852540 123.9809 1.7552 16.9145 0.0016 0.6750 0.0265 0.7374
74.955960 124.4507 1.7530 16.9691 0.0023 0.6720 0.0252 0.7401
75.059610 124.9080 1.7513 17.0271 0.0028 0.6676 0.0249 0.7441
75.163080 125.3528 1.7479 17.0955 0.0032 0.6619 0.0243 0.7492
75.266650 125.7844 1.7428 17.1763 0.0031 0.6550 0.0234 0.7553
75.370050 126.2196 1.7378 17.2709 0.0020 0.6468 0.0224 0.7623
75.473540 126.6520 1.7337 17.3794 0.0005 0.6371 0.0221 0.7705
75.577070 127.0648 1.7333 17.4926 -0.0006 0.6256 0.0236 0.7798
75.680410 127.4879 1.7277 17.6256 -0.0006 0.6120 0.0246 0.7905
75.783770 127.9044 1.7195 17.7795 -0.0005 0.5962 0.0247 0.8025
75.887280 128.2752 1.7130 17.9524 -0.0016 0.5787 0.0240 0.8152
75.990620 128.6640 1.7097 18.1483 -0.0036 0.5601 0.0234 0.8281
76.094110 129.0500 1.7082 18.3562 -0.0057 0.5405 0.0236 0.8410
76.197600 129.3797 1.7068 18.5698 -0.0064 0.5195 0.0252 0.8541
76.300970 129.7400 1.7053 18.8130 -0.0082 0.4975 0.0254 0.8671
76.404460 130.0924 1.7000 19.0859 -0.0104 0.4737 0.0237 0.8803
76.507950 130.3756 1.7062 19.3761 -0.0130 0.4486 0.0217 0.8934
76.611340 130.7196 1.7157 19.6938 -0.0152 0.4224 0.0220 0.9060
76.714820 131.0553 1.7305 20.0316 -0.0161 0.3951 0.0243 0.9182
76.818440 131.3113 1.7355 20.3808 -0.0155 0.3667 0.0273 0.9298
76.921990 131.6169 1.7440 20.7675 -0.0161 0.3374 0.0304 0.9407
77.025530 131.8258 1.7546 21.1726 -0.0165 0.3074 0.0325 0.9509
77.129020 132.0881 1.7711 21.5993 -0.0142 0.2761 0.0353 0.9604
77.232630 132.3298 1.7856 22.0471 -0.0112 0.2437 0.0381 0.9690
77.336250 132.4470 1.7835 22.5096 -0.0089 0.2106 0.0373 0.9768
77.439860 132.6171 1.7842 22.9988 -0.0069 0.1768 0.0358 0.9836
77.543570 132.7605 1.7867 23.4988 -0.0039 0.1428 0.0363 0.9891
77.647090 132.8058 1.7849 24.0079 -0.0010 0.1089 0.0415 0.9932
77.750840 132.8927 1.7834 24.5466 -0.0020 0.0760 0.0423 0.9962
77.854700 132.9245 1.7742 25.1048 -0.0055 0.0455 0.0383 0.9982
77.958590 132.8611 1.7659 25.6660 -0.0086 0.0181 0.0323 0.9993
78.062560 132.8227 1.7575 26.2375 -0.0097 -0.0057 0.0264 0.9996
78.166570 132.7474 1.7541 26.8162 -0.0100 -0.0261 0.0230 0.9993
78.270660 132.6811 1.7523 27.4150 -0.0123 -0.0412 0.0207 0.9989
78.374790 132.6043 1.7531 28.0226 -0.0154 -0.0521 0.0196 0.9983
78.479010 132.5157 1.7503 28.6353 -0.0166 -0.0607 0.0182 0.9979
78.583150 132.4216 1.7459 29.2477 -0.0146 -0.0656 0.0154 0.9976
78.687370 132.3263 1.7453 29.8624 -0.0089 -0.0683 0.0137 0.9975
78.791490 132.2366 1.7482 30.4890 -0.0025 -0.0697 0.0138 0.9975
78.895610 132.1511 1.7451 31.1356 0.0003 -0.0697 0.0155 0.9974
78.999750 132.0660 1.7345 31.8018 -0.0014 -0.0690 0.0170 0.9975
79.103610 131.9786 1.7188 32.4812 -0.0045 -0.0686 0.0180 0.9975
79.207550 131.8870 1.7073 33.1661 -0.0055 -0.0682 0.0174 0.9975
79.311380 131.7905 1.6981 33.8619 -0.0054 -0.0677 0.0162 0.9976
79.415180 131.6920 1.6919 34.5690 -0.0050 -0.0670 0.0143 0.9976
79.518970 131.5939 1.6833 35.2884 -0.0041 -0.0654 0.0120 0.9978
79.622670 131.4954 1.6740 36.0218 -0.0034 -0.0630 0.0105 0.9980
79.726400 131.3984 1.6657 36.7701 -0.0035 -0.0608 0.0092 0.9981
79.830150 131.3129 1.6553 37.5412 -0.0048 -0.0586 0.0084 0.9982
79.933870 131.2203 1.6484 38.3284 -0.0067 -0.0565 0.0069 0.9984
80.037500 131.1305 1.6402 39.1272 -0.0078 -0.0548 0.0060 0.9985
80.141270 131.0429 1.6408 39.9444 -0.0070 -0.0533 0.0057 0.9985
80.244850 130.9644 1.6418 40.7739 -0.0056 -0.0517 0.0067 0.9986
80.348500 130.8867 1.6445 41.6252 -0.0058 -0.0499 0.0079 0.9987
80.452210 130.8070 1.6498 42.4970 -0.0080 -0.0484 0.0078 0.9988
80.555830 130.7291 1.6521 43.3781 -0.0108 -0.0468 0.0081 0.9988
80.659450 130.6571 1.6608 44.2695 -0.0135 -0.0454 0.0088 0.9988
80.763190 130.5883 1.6668 45.1650 -0.0142 -0.0440 0.0095 0.9989
80.866800 130.5172 1.6719 46.0631 -0.0140 -0.0426 0.0085 0.9990
80.970420 130.4450 1.6777 46.9664 -0.0117 -0.0415 0.0077 0.9990
81.074090 130.3771 1.6822 47.8763 -0.0100 -0.0409 0.0081 0.9991
81.177670 130.3110 1.6844 48.7915 -0.0095 -0.0407 0.0086 0.9991
81.281390 130.2397 1.6858 49.7122 -0.0099 -0.0408 0.0087 0.9991
81.385030 130.1693 1.6850 50.6355 -0.0105 -0.0413 0.0091 0.9991
81.488620 130.0980 1.6868 51.5534 -0.0110 -0.0418 0.0095 0.9990
81.592230 130.0238 1.6900 52.4696 -0.0113 -0.0424 0.0086 0.9990
81.695850 129.9462 1.6922 53.3861 -0.0117 -0.0430 0.0073 0.9990
81.799470 129.8700 1.6949 54.2983 -0.0118 -0.0436 0.0067 0.9990
81.903080 129.7970 1.6961 55.2119 -0.0121 -0.0440 0.0070 0.9989
82.006700 129.7214 1.6968 56.1170 -0.0117 -0.0446 0.0061 0.9989
82.110320 129.6448 1.6996 57.0257 -0.0107 -0.0453 0.0059 0.9989
82.214070 129.5693 1.7040 57.9334 -0.0099 -0.0467 0.0068 0.9988
82.317670 129.4873 1.7104 58.8406 -0.0108 -0.0485 0.0062 0.9987
82.421410 129.3997 1.7108 59.7499 -0.0132 -0.0504 0.0056 0.9986
82.525020 129.3086 1.7112 60.6508 -0.0146 -0.0523 0.0047 0.9985
82.628780 129.2100 1.7145 61.5505 -0.0137 -0.0539 0.0023 0.9984
82.732380 129.1108 1.7201 62.4429 -0.0124 -0.0552 0.0010 0.9984
82.836140 129.0131 1.7211 63.3355 -0.0107 -0.0564 0.0007 0.9984
82.939730 128.9215 1.7207 64.2268 -0.0098 -0.0572 0.0021 0.9983
83.043500 128.8226 1.7205 65.1186 -0.0095 -0.0578 0.0022 0.9983
83.147220 128.7237 1.7160 66.0122 -0.0111 -0.0579 0.0010 0.9983
83.250970 128.6322 1.7109 66.9049 -0.0123 -0.0578 0.0020 0.9983
83.354570 128.5394 1.7080 67.7890 -0.0105 -0.0571 0.0015 0.9983
83.458190 128.4472 1.7056 68.6721 -0.0090 -0.0555 0.0008 0.9984
83.561980 128.3545 1.7026 69.5571 -0.0093 -0.0538 -0.0007 0.9985
83.665550 128.2697 1.6993 70.4421 -0.0106 -0.0516 -0.0011 0.9986
83.769380 128.1873 1.6992 71.3266 -0.0115 -0.0493 -0.0016 0.9987
83.872920 128.1093 1.7007 72.2067 -0.0120 -0.0466 -0.0018 0.9988
83.976710 128.0378 1.7030 73.0877 -0.0126 -0.0440 -0.0017 0.9990
84.080130 127.9714 1.7062 73.9609 -0.0127 -0.0415 -0.0013 0.9991
84.183750 127.9101 1.7069 74.8341 -0.0123 -0.0387 -0.0007 0.9992
84.287600 127.8504 1.7071 75.7054 -0.0113 -0.0362 -0.0008 0.9993
84.391160 127.7941 1.7049 76.5732 -0.0103 -0.0336 -0.0010 0.9994
84.494760 127.7403 1.6999 77.4372 -0.0098 -0.0310 -0.0011 0.9995
84.598480 127.6943 1.6972 78.3047 -0.0102 -0.0284 -0.0011 0.9995
84.702120 127.6534 1.6963 79.1706 -0.0107 -0.0259 -0.0011 0.9996
84.805710 127.6149 1.6958 80.0349 -0.0116 -0.0235 -0.0015 0.9997
84.909310 127.5831 1.6979 80.8980 -0.0129 -0.0214 -0.0012 0.9997
85.012960 127.5573 1.6989 81.7552 -0.0137 -0.0196 -0.0000 0.9997
85.116700 127.5349 1.6984 82.6022 -0.0139 -0.0182 0.0013 0.9997
85.220270 127.5128 1.6978 83.4295 -0.0134 -0.0171 0.0023 0.9998
85.324080 127.4937 1.6977 84.2392 -0.0122 -0.0164 0.0040 0.9998
85.427750 127.4744 1.6939 85.0326 -0.0119 -0.0160 0.0055 0.9998
85.531340 127.4573 1.6910 85.8031 -0.0120 -0.0157 0.0064 0.9998
85.635010 127.4401 1.6858 86.5542 -0.0109 -0.0158 0.0079 0.9998
85.738670 127.4221 1.6808 87.2830 -0.0107 -0.0163 0.0088 0.9998
85.842510 127.4054 1.6785 87.9903 -0.0102 -0.0174 0.0102 0.9997
85.946050 127.3827 1.6710 88.6746 -0.0112 -0.0191 0.0111 0.9997
86.049580 127.3594 1.6620 89.3313 -0.0127 -0.0212 0.0124 0.9996
86.153190 127.3316 1.6590 89.9637 -0.0131 -0.0238 0.0128 0.9995
86.257680 127.3017 1.6555 90.5773 -0.0130 -0.0268 0.0138 0.9995
86.360510 127.2653 1.6506 91.1703 -0.0118 -0.0300 0.0142 0.9994
86.464180 127.2241 1.6456 91.7661 -0.0105 -0.0335 0.0146 0.9993
86.567780 127.1775 1.6418 92.3585 -0.0105 -0.0375 0.0142 0.9991
86.671550 127.1300 1.6367 92.9498 -0.0111 -0.0412 0.0147 0.9990
86.775140 127.0752 1.6287 93.5357 -0.0114 -0.0449 0.0143 0.9988
86.878890 127.0163 1.6220 94.1178 -0.0101 -0.0484 0.0139 0.9987
86.982510 126.9541 1.6164 94.6945 -0.0081 -0.0519 0.0131 0.9985
87.086250 126.8911 1.6128 95.2699 -0.0064 -0.0550 0.0133 0.9984
87.190180 126.8267 1.6069 95.8453 -0.0051 -0.0583 0.0135 0.9982
87.293640 126.7578 1.5993 96.4198 -0.0038 -0.0611 0.0134 0.9980
87.397220 126.6820 1.5891 97.0002 -0.0032 -0.0639 0.0123 0.9979
87.501040 126.6018 1.5818 97.5860 -0.0028 -0.0662 0.0113 0.9977
87.604560 126.5218 1.5733 98.1771 -0.0024 -0.0686 0.0115 0.9976
87.708320 126.4406 1.5649 98.7771 -0.0024 -0.0708 0.0120 0.9974
87.811980 126.3521 1.5552 99.3820 -0.0020 -0.0727 0.0114 0.9973
87.915650 126.2557 1.5450 99.9903 -0.0009 -0.0743 0.0091 0.9972
88.019280 126.1596 1.5373 100.6059 -0.0003 -0.0754 0.0073 0.9971
88.123030 126.0674 1.5302 101.2310 0.0002 -0.0761 0.0073 0.9971
88.226620 125.9764 1.5225 101.8652 0.0003 -0.0764 0.0081 0.9970
88.330460 125.8789 1.5154 102.5128 -0.0003 -0.0766 0.0076 0.9970
88.434330 125.7780 1.5120 103.1748 -0.0023 -0.0762 0.0074 0.9971
88.537780 125.6743 1.5095 103.8452 -0.0050 -0.0761 0.0056 0.9971
88.641400 125.5671 1.5151 104.5412 -0.0109 -0.0756 0.0046 0.9971
88.745080 125.4567 1.5214 105.2483 -0.0164 -0.0746 0.0023 0.9971
88.848890 125.3484 1.5279 105.9622 -0.0179 -0.0732 0.0012 0.9972
88.952550 125.2426 1.5285 106.6811 -0.0144 -0.0715 -0.0006 0.9973
89.056170 125.1394 1.5404 107.4051 -0.0062 -0.0693 -0.0012 0.9976
89.159790 125.0364 1.5582 108.1550 -0.0021 -0.0673 -0.0014 0.9977
89.263540 124.9359 1.5762 108.9419 -0.0082 -0.0653 -0.0015 0.9978
89.367140 124.8334 1.5815 109.7506 -0.0180 -0.0631 -0.0029 0.9978
89.470880 124.7392 1.5926 110.5631 -0.0208 -0.0611 -0.0023 0.9979
89.574490 124.6489 1.6129 111.3731 -0.0161 -0.0594 -0.0008 0.9981
89.678230 124.5555 1.6281 112.1921 -0.0075 -0.0575 -0.0008 0.9983
89.781980 124.4612 1.6407 113.0320 -0.0016 -0.0555 -0.0015 0.9985
89.885590 124.3625 1.6436 113.8989 -0.0031 -0.0534 -0.0043 0.9986
89.989350 124.2617 1.6482 114.7907 -0.0088 -0.0506 -0.0079 0.9986
90.092950 124.1685 1.6541 115.6918 -0.0112 -0.0473 -0.0103 0.9988
90.196710 124.0847 1.6606 116.5910 -0.0066 -0.0438 -0.0112 0.9990
90.300450 124.0155 1.6633 117.5013 0.0006 -0.0401 -0.0094 0.9991
90.404050 123.9582 1.6592 118.4275 0.0054 -0.0367 -0.0056 0.9993
90.507790 123.9016 1.6452 119.3792 0.0028 -0.0332 -0.0034 0.9994
90.611400 123.8478 1.6358 120.3520 -0.0033 -0.0297 -0.0021 0.9996
90.715140 123.7924 1.6338 121.3289 -0.0090 -0.0265 -0.0011 0.9996
90.818760 123.7418 1.6384 122.3045 -0.0097 -0.0239 -0.0004 0.9997
90.922380 123.6935 1.6458 123.2802 -0.0071 -0.0221 0.0007 0.9997
91.025980 123.6529 1.6471 124.2634 -0.0056 -0.0211 0.0013 0.9998
91.129600 123.6132 1.6397 125.2549 -0.0057 -0.0207 0.0024 0.9998
91.233220 123.5742 1.6329 126.2495 -0.0066 -0.0206 0.0037 0.9998
91.336840 123.5305 1.6278 127.2440 -0.0072 -0.0208 0.0035 0.9998
91.440450 123.4824 1.6241 128.2424 -0.0087 -0.0218 0.0028 0.9997
91.544070 123.4328 1.6231 129.2424 -0.0108 -0.0231 0.0028 0.9997
91.647680 123.3850 1.6236 130.2403 -0.0111 -0.0248 0.0025 0.9996
91.751300 123.3413 1.6253 131.2280 -0.0075 -0.0263 0.0041 0.9996
91.855040 123.2990 1.6274 132.2136 -0.0033 -0.0280 0.0065 0.9996
91.958670 123.2549 1.6276 133.2021 -0.0023 -0.0297 0.0093 0.9995
92.062270 123.2068 1.6272 134.1953 -0.0054 -0.0315 0.0107 0.9994
92.165880 123.1481 1.6262 135.1873 -0.0086 -0.0330 0.0107 0.9994
92.269500 123.0865 1.6269 136.1683 -0.0094 -0.0342 0.0101 0.9993
92.373110 123.0171 1.6235 137.1393 -0.0078 -0.0352 0.0082 0.9993
92.476860 122.9423 1.6212 138.1055 -0.0059 -0.0363 0.0060 0.9993
92.580470 122.8687 1.6167 139.0741 -0.0044 -0.0373 0.0052 0.9993
92.684080 122.8029 1.6088 140.0404 -0.0040 -0.0383 0.0056 0.9992
92.787830 122.7345 1.6015 141.0087 -0.0048 -0.0393 0.0064 0.9992
92.891470 122.6676 1.5971 141.9784 -0.0078 -0.0405 0.0081 0.9991
92.994930 122.5964 1.5957 142.9440 -0.0112 -0.0421 0.0087 0.9990
93.098570 122.5212 1.5988 143.9103 -0.0135 -0.0437 0.0098 0.9989
93.202160 122.4401 1.6054 144.8659 -0.0129 -0.0454 0.0089 0.9988
93.305780 122.3521 1.6110 145.8129 -0.0089 -0.0469 0.0081 0.9988
93.409390 122.2641 1.6172 146.7606 -0.0062 -0.0482 0.0070 0.9988
93.513130 122.1747 1.6151 147.7113 -0.0060 -0.0493 0.0079 0.9987
93.616750 122.0855 1.6117 148.6661 -0.0087 -0.0501 0.0082 0.9987
93.720480 121.9946 1.6133 149.6170 -0.0112 -0.0509 0.0089 0.9986
93.824120 121.9052 1.6216 150.5621 -0.0123 -0.0516 0.0102 0.9985
93.927850 121.8120 1.6237 151.5058 -0.0133 -0.0519 0.0103 0.9985
94.031550 121.7152 1.6254 152.4428 -0.0138 -0.0519 0.0100 0.9985
94.135100 121.6171 1.6271 153.3738 -0.0134 -0.0517 0.0088 0.9985
94.238820 121.5212 1.6279 154.3042 -0.0125 -0.0512 0.0070 0.9986
94.342550 121.4239 1.6296 155.2296 -0.0116 -0.0506 0.0055 0.9986
94.446200 121.3325 1.6280 156.1497 -0.0099 -0.0499 0.0057 0.9987
94.549940 121.2469 1.6258 157.0660 -0.0086 -0.0493 0.0067 0.9987
94.653650 121.1598 1.6250 157.9822 -0.0078 -0.0485 0.0070 0.9988
94.757290 121.0757 1.6243 158.8980 -0.0099 -0.0480 0.0074 0.9988
94.861030 120.9940 1.6251 159.8122 -0.0136 -0.0476 0.0081 0.9987
94.964650 120.9142 1.6289 160.7127 -0.0153 -0.0471 0.0089 0.9987
95.068250 120.8340 1.6354 161.6014 -0.0152 -0.0465 0.0087 0.9988
95.171850 120.7560 1.6441 162.4805 -0.0141 -0.0458 0.0092 0.9988
95.275590 120.6777 1.6542 163.3454 -0.0128 -0.0452 0.0090 0.9989
95.379210 120.5992 1.6618 164.1961 -0.0130 -0.0447 0.0084 0.9989
95.482850 120.5193 1.6669 165.0383 -0.0148 -0.0444 0.0076 0.9989
95.586590 120.4442 1.6675 165.8644 -0.0163 -0.0442 0.0079 0.9989
95.690200 120.3756 1.6678 166.6622 -0.0147 -0.0439 0.0102 0.9989
95.793800 120.3115 1.6723 167.4371 -0.0112 -0.0437 0.0121 0.9989
95.897420 120.2441 1.6768 168.1934 -0.0088 -0.0437 0.0127 0.9989
96.001040 120.1827 1.6786 168.9400 -0.0110 -0.0440 0.0145 0.9989
96.104780 120.1258 1.6793 169.6739 -0.0155 -0.0446 0.0170 0.9987
96.208400 120.0661 1.6777 170.3742 -0.0170 -0.0455 0.0171 0.9987
96.312000 120.0030 1.6748 171.0485 -0.0153 -0.0462 0.0167 0.9987
96.415650 119.9389 1.6725 171.6951 -0.0109 -0.0478 0.0157 0.9987
96.519440 119.8751 1.6714 172.3254 -0.0076 -0.0490 0.0153 0.9987
96.622990 119.8068 1.6714 172.9415 -0.0068 -0.0503 0.0132 0.9986
96.726610 119.7343 1.6656 173.5489 -0.0079 -0.0523 0.0117 0.9985
96.830260 119.6661 1.6607 174.1401 -0.0102 -0.0550 0.0107 0.9984
96.933830 119.5951 1.6558 174.7198 -0.0116 -0.0579 0.0108 0.9982
97.037530 119.5250 1.6521 175.2817 -0.0120 -0.0622 0.0111 0.9979
97.141140 119.4519 1.6540 175.8342 -0.0116 -0.0684 0.0120 0.9975
97.244690 119.3633 1.6548 176.3745 -0.0109 -0.0764 0.0132 0.9969
97.348160 119.2639 1.6532 176.9057 -0.0099 -0.0867 0.0138 0.9961
97.451710 119.1509 1.6505 177.4332 -0.0094 -0.0995 0.0143 0.9949
97.555020 119.0019 1.6499 177.9406 -0.0088 -0.1146 0.0142 0.9933
97.658520 118.8494 1.6500 178.4528 -0.0088 -0.1321 0.0136 0.9911
97.761870 118.6818 1.6512 178.9554 -0.0089 -0.1521 0.0140 0.9882
97.865260 118.4531 1.6485 179.4235 -0.0087 -0.1744 0.0143 0.9845
97.968620 118.2434 1.6491 179.9008 -0.0086 -0.1991 0.0153 0.9798
98.072060 118.0124 1.6497 180.3637 -0.0088 -0.2253 0.0154 0.9741
98.175320 117.7036 1.6517 180.7768 -0.0089 -0.2525 0.0157 0.9674
98.278710 117.4200 1.6538 181.1999 0.0089 0.2802 -0.0154 -0.9598
98.382200 117.1161 1.6517 181.6023 0.0092 0.3086 -0.0138 -0.9510
98.485690 116.7159 1.6481 181.9430 0.0093 0.3383 -0.0122 -0.9409
98.589190 116.3608 1.6436 182.3038 0.0099 0.3689 -0.0105 -0.9294
98.692720 115.9851 1.6400 182.6420 0.0096 0.3999 -0.0098 -0.9164
98.796150 115.5028 1.6352 182.9087 0.0095 0.4310 -0.0096 -0.9023
98.899760 115.0725 1.6365 183.1958 0.0099 0.4618 -0.0080 -0.8869
99.003280 114.5359 1.6361 183.4013 0.0090 0.4921 -0.0057 -0.8705
99.107000 114.0625 1.6383 183.6279 0.0085 0.5217 -0.0036 -0.8531
99.210630 113.5671 1.6349 183.8231 0.0088 0.5508 -0.0025 -0.8346
99.314240 112.9789 1.6361 183.9548 0.0112 0.5788 -0.0032 -0.8154
99.418370 112.4442 1.6363 184.0953 0.0127 0.6049 -0.0035 -0.7962
99.521710 111.8863 1.6408 184.1936 0.0130 0.6282 -0.0036 -0.7780
99.625590 111.2696 1.6426 184.2382 0.0117 0.6490 -0.0027 -0.7607
99.729530 110.6805 1.6437 184.2802 0.0100 0.6664 -0.0011 -0.7455
99.833450 110.0580 1.6405 184.2877 0.0078 0.6806 0.0006 -0.7326
99.937560 109.4364 1.6438 184.2952 0.0071 0.6915 0.0026 -0.7223
100.042000 108.7993 1.6474 184.2906 0.0078 0.6996 0.0039 -0.7145
100.145800 108.1528 1.6465 184.2803 0.0077 0.7059 0.0031 -0.7082
100.249900 107.5056 1.6367 184.2657 0.0066 0.7115 0.0009 -0.7027
100.353900 106.8451 1.6310 184.2414 0.0054 0.7167 -0.0028 -0.6973
100.458000 106.1803 1.6317 184.2077 0.0040 0.7219 -0.0074 -0.6919
100.561800 105.5007 1.6246 184.1584 0.0023 0.7273 -0.0087 -0.6862
100.665600 104.8045 1.6129 184.0905 0.0014 0.7321 -0.0070 -0.6811
100.769500 104.0966 1.6016 184.0204 0.0014 0.7361 -0.0060 -0.6768
100.873400 103.3794 1.5897 183.9489 0.0015 0.7394 -0.0068 -0.6732
100.977200 102.6485 1.5780 183.8656 0.0007 0.7414 -0.0061 -0.6710
101.081000 101.9058 1.5676 183.7745 -0.0007 0.7429 -0.0046 -0.6693
101.184700 101.1515 1.5579 183.6825 -0.0020 0.7443 -0.0041 -0.6678
101.288400 100.3805 1.5477 183.5902 -0.0016 0.7457 -0.0036 -0.6663
101.392200 99.5967 1.5386 183.4949 -0.0008 0.7475 -0.0037 -0.6643
101.495800 98.7976 1.5291 183.3899 -0.0000 0.7492 -0.0017 -0.6624
101.599500 97.9878 1.5212 183.2750 -0.0009 0.7508 0.0004 -0.6605
101.703300 97.1675 1.5148 183.1569 -0.0012 0.7526 0.0011 -0.6585
101.806900 96.3439 1.5142 183.0318 -0.0022 0.7541 0.0013 -0.6568
101.910600 95.5076 1.5086 182.9038 -0.0040 0.7551 0.0005 -0.6556
102.014400 94.6610 1.5022 182.7721 -0.0065 0.7555 -0.0001 -0.6552
102.118100 93.7972 1.4936 182.6418 -0.0081 0.7554 -0.0006 -0.6552
102.221800 92.9177 1.4814 182.5139 -0.0075 0.7550 -0.0002 -0.6557
102.325600 92.0266 1.4684 182.3839 -0.0069 0.7545 0.0015 -0.6563
102.429300 91.1257 1.4508 182.2587 -0.0076 0.7536 0.0030 -0.6573
102.532900 90.2219 1.4377 182.1383 -0.0081 0.7528 0.0034 -0.6582
102.636700 89.3059 1.4252 182.0172 -0.0084 0.7519 0.0044 -0.6592
102.740300 88.3879 1.4106 181.8981 -0.0085 0.7509 0.0056 -0.6604
102.844100 87.4616 1.3967 181.7805 -0.0078 0.7500 0.0068 -0.6614
102.947600 86.5333 1.3878 181.6678 -0.0064 0.7492 0.0084 -0.6622
103.051300 85.6021 1.3801 181.5557 -0.0041 0.7484 0.0110 -0.6632
103.155000 84.6710 1.3765 181.4413 -0.0026 0.7476 0.0131 -0.6640
103.258700 83.7482 1.3741 181.3306 -0.0037 0.7470 0.0131 -0.6647
103.362200 82.8277 1.3702 181.2215 -0.0062 0.7462 0.0124 -0.6656
103.466500 81.8964 1.3687 181.1168 -0.0065 0.7455 0.0115 -0.6664
103.569600 80.9724 1.3650 181.0130 -0.0066 0.7449 0.0122 -0.6671
103.673300 80.0350 1.3571 180.9133 -0.0059 0.7442 0.0119 -0.6678
103.776800 79.1054 1.3501 180.8193 -0.0059 0.7437 0.0102 -0.6684
103.880500 78.1724 1.3426 180.7229 -0.0063 0.7431 0.0101 -0.6690
103.984100 77.2419 1.3327 180.6221 -0.0078 0.7424 0.0114 -0.6698
104.087700 76.3054 1.3235 180.5214 -0.0103 0.7418 0.0124 -0.6704
104.191300 75.3681 1.3169 180.4230 -0.0119 0.7410 0.0132 -0.6713
104.295000 74.4239 1.3091 180.3221 -0.0127 0.7402 0.0151 -0.6721
104.398600 73.4776 1.3005 180.2236 -0.0134 0.7392 0.0173 -0.6731
104.502300 72.5286 1.2948 180.1318 -0.0128 0.7385 0.0182 -0.6739
104.606000 71.5737 1.2880 180.0516 -0.0107 0.7378 0.0163 -0.6748
104.709600 70.6236 1.2793 179.9783 -0.0090 0.7372 0.0125 -0.6755
104.813200 69.6703 1.2729 179.8975 -0.0098 0.7367 0.0108 -0.6761
104.916800 68.7097 1.2685 179.8129 -0.0089 0.7363 0.0131 -0.6764
105.020600 67.7461 1.2615 179.7361 -0.0056 0.7362 0.0158 -0.6766
105.124200 66.7882 1.2578 179.6594 -0.0040 0.7361 0.0161 -0.6767
105.227800 65.8391 1.2642 179.5686 -0.0076 0.7362 0.0165 -0.6765
105.331400 64.8976 1.2636 179.4778 -0.0123 0.7366 0.0154 -0.6760
105.435200 63.9519 1.2591 179.3964 -0.0128 0.7373 0.0125 -0.6754
105.538900 63.0070 1.2505 179.3140 -0.0129 0.7378 0.0118 -0.6748
105.642600 62.0574 1.2419 179.2273 -0.0124 0.7380 0.0126 -0.6746
105.746100 61.1132 1.2307 179.1441 -0.0114 0.7381 0.0132 -0.6744
105.849900 60.1726 1.2199 179.0637 -0.0115 0.7378 0.0130 -0.6748
105.953500 59.2376 1.2093 178.9838 -0.0125 0.7370 0.0130 -0.6757
106.057600 58.2969 1.1984 178.9085 -0.0125 0.7361 0.0127 -0.6767
106.160900 57.3631 1.1891 178.8395 -0.0112 0.7351 0.0130 -0.6777
106.264500 56.4318 1.1773 178.7681 -0.0109 0.7341 0.0133 -0.6788
106.368200 55.5063 1.1642 178.7024 -0.0130 0.7332 0.0126 -0.6798
106.472000 54.5824 1.1576 178.6459 -0.0131 0.7326 0.0098 -0.6805
106.575600 53.6522 1.1482 178.5885 -0.0117 0.7323 0.0108 -0.6808
106.679300 52.7208 1.1339 178.5298 -0.0106 0.7321 0.0129 -0.6810
106.782900 51.7958 1.1258 178.4756 -0.0090 0.7321 0.0128 -0.6811
106.886500 50.8793 1.1188 178.4174 -0.0102 0.7321 0.0107 -0.6810
106.990300 49.9613 1.1123 178.3577 -0.0108 0.7326 0.0089 -0.6805
107.093900 49.0370 1.1050 178.3019 -0.0093 0.7337 0.0069 -0.6794
107.197500 48.1150 1.0916 178.2415 -0.0071 0.7350 0.0066 -0.6779
107.301100 47.1994 1.0784 178.1792 -0.0055 0.7365 0.0051 -0.6764
107.404900 46.2788 1.0674 178.0990 -0.0076 0.7380 0.0054 -0.6747
107.508500 45.3619 1.0554 178.0107 -0.0107 0.7390 0.0064 -0.6735
107.612200 44.4284 1.0466 177.9256 -0.0093 0.7397 0.0081 -0.6728
107.716000 43.4949 1.0360 177.8424 -0.0077 0.7399 0.0097 -0.6726
107.819600 42.5580 1.0258 177.7544 -0.0074 0.7399 0.0120 -0.6726
107.923300 41.6248 1.0166 177.6734 -0.0079 0.7403 0.0093 -0.6722
108.027100 40.6923 1.0072 177.5983 -0.0085 0.7407 0.0037 -0.6718
108.130800 39.7508 0.9958 177.5183 -0.0086 0.7409 0.0013 -0.6715
108.234600 38.7984 0.9784 177.4282 -0.0077 0.7407 0.0038 -0.6718
108.338200 37.8400 0.9632 177.3358 -0.0059 0.7406 0.0076 -0.6719
108.441900 36.8816 0.9541 177.2466 -0.0051 0.7404 0.0092 -0.6721
108.545800 35.9225 0.9468 177.1625 -0.0044 0.7398 0.0085 -0.6727
108.649300 34.9668 0.9411 177.0825 -0.0052 0.7389 0.0067 -0.6738
108.753000 34.0044 0.9320 177.0071 -0.0054 0.7379 0.0050 -0.6749
108.857100 33.0317 0.9283 176.9272 -0.0045 0.7370 0.0053 -0.6759
108.960400 32.0566 0.9263 176.8462 -0.0014 0.7359 0.0064 -0.6770
109.064600 31.0725 0.9279 176.7639 0.0001 0.7351 0.0081 -0.6779
109.167800 30.1019 0.9267 176.6822 -0.0007 0.7345 0.0076 -0.6786
109.271400 29.1298 0.9194 176.5984 -0.0024 0.7346 0.0077 -0.6785
109.375000 28.1566 0.9107 176.5199 -0.0019 0.7349 0.0059 -0.6781
109.478900 27.1774 0.9020 176.4385 -0.0009 0.7356 0.0060 -0.6774
109.582100 26.2039 0.8951 176.3507 -0.0015 0.7365 0.0066 -0.6764
109.685700 25.2232 0.8892 176.2588 -0.0007 0.7378 0.0085 -0.6750
109.789400 24.2440 0.8840 176.1654 0.0001 0.7388 0.0095 -0.6738
109.893000 23.2692 0.8792 176.0721 -0.0005 0.7392 0.0092 -0.6734
109.996800 22.3017 0.8744 175.9776 -0.0028 0.7395 0.0066 -0.6731
110.100400 21.3284 0.8671 175.8858 -0.0045 0.7400 0.0041 -0.6726
110.204300 20.3393 0.8590 175.7839 -0.0058 0.7408 0.0050 -0.6717
110.307900 19.3503 0.8536 175.6855 -0.0037 0.7412 0.0064 -0.6712
110.411800 18.3549 0.8501 175.5754 -0.0039 0.7418 0.0109 -0.6706
110.515400 17.3746 0.8480 175.4723 -0.0054 0.7424 0.0116 -0.6698
110.619600 16.3872 0.8458 175.3734 -0.0065 0.7432 0.0082 -0.6690
110.723200 15.4115 0.8352 175.2752 -0.0101 0.7439 0.0028 -0.6682
110.827000 14.4288 0.8160 175.1754 -0.0127 0.7448 -0.0024 -0.6672
110.930400 13.4379 0.7916 175.0745 -0.0112 0.7455 -0.0036 -0.6664
111.034300 12.4271 0.7645 174.9659 -0.0070 0.7460 0.0002 -0.6660
111.138000 11.4171 0.7481 174.8527 -0.0035 0.7461 0.0052 -0.6658
111.241600 10.4126 0.7385 174.7391 -0.0013 0.7459 0.0083 -0.6659
111.345300 9.4183 0.7318 174.6288 -0.0017 0.7457 0.0086 -0.6663
111.449000 8.4310 0.7253 174.5216 -0.0035 0.7452 0.0065 -0.6668
111.552700 7.4440 0.7156 174.4217 -0.0038 0.7447 0.0034 -0.6674
111.656300 6.4577 0.7010 174.3229 -0.0039 0.7441 0.0022 -0.6681
111.760100 5.4747 0.6842 174.2263 -0.0041 0.7434 -0.0004 -0.6688
111.863700 4.4931 0.6657 174.1327 -0.0033 0.7429 -0.0015 -0.6694
111.967300 3.5128 0.6478 174.0378 -0.0020 0.7423 -0.0009 -0.6700
112.070900 2.5306 0.6301 173.9448 -0.0003 0.7418 0.0005 -0.6706
112.174700 1.5568 0.6133 173.8522 -0.0001 0.7413 0.0010 -0.6712
112.278300 0.5911 0.5982 173.7601 -0.0011 0.7407 0.0010 -0.6719
112.382000 -0.3693 0.5843 173.6684 -0.0023 0.7402 0.0010 -0.6724
112.485500 -1.3243 0.5697 173.5835 -0.0015 0.7398 0.0009 -0.6728
112.589100 -2.2774 0.5551 173.5008 -0.0003 0.7395 0.0016 -0.6731
112.692800 -3.2218 0.5414 173.4190 0.0006 0.7391 0.0022 -0.6736
112.796500 -4.1567 0.5321 173.3458 0.0044 0.7390 0.0013 -0.6737
112.900000 -5.0765 0.5238 173.2739 0.0070 0.7391 0.0009 -0.6736
113.003600 -5.9776 0.5111 173.1940 0.0056 0.7391 0.0007 -0.6735
113.107300 -6.8660 0.5042 173.1264 0.0073 0.7391 -0.0034 -0.6735
113.211000 -7.7444 0.4998 173.0622 0.0091 0.7391 -0.0060 -0.6735
113.314700 -8.6082 0.4843 172.9750 0.0045 0.7390 -0.0028 -0.6737
113.418300 -9.4540 0.4664 172.8858 -0.0013 0.7383 -0.0011 -0.6745
113.522000 -10.2895 0.4529 172.8168 -0.0032 0.7374 -0.0043 -0.6754
113.625700 -11.1234 0.4377 172.7512 -0.0023 0.7357 -0.0027 -0.6773
113.729300 -11.9461 0.4204 172.6809 -0.0026 0.7341 0.0020 -0.6790
113.832800 -12.7517 0.4056 172.6190 -0.0025 0.7327 0.0043 -0.6805
113.936500 -13.5417 0.3949 172.5683 -0.0022 0.7316 0.0047 -0.6817
114.040000 -14.3118 0.3858 172.5249 -0.0013 0.7306 0.0040 -0.6828
114.143600 -15.0664 0.3745 172.4829 -0.0008 0.7294 0.0039 -0.6841
114.247300 -15.8004 0.3644 172.4428 -0.0008 0.7282 0.0045 -0.6853
114.350900 -16.5134 0.3572 172.4048 -0.0010 0.7270 0.0047 -0.6866
114.454300 -17.2054 0.3493 172.3718 -0.0008 0.7259 0.0045 -0.6877
114.558000 -17.8765 0.3402 172.3452 0.0002 0.7254 0.0038 -0.6883
114.661600 -18.5276 0.3316 172.3208 0.0012 0.7251 0.0029 -0.6886
114.765200 -19.1548 0.3244 172.2963 0.0015 0.7251 0.0017 -0.6886
114.868800 -19.7609 0.3173 172.2708 0.0019 0.7255 0.0009 -0.6882
114.972400 -20.3480 0.3098 172.2461 0.0028 0.7265 -0.0004 -0.6872
115.076000 -20.9114 0.3018 172.2193 0.0036 0.7282 -0.0018 -0.6854
115.179700 -21.4536 0.2942 172.1861 0.0041 0.7304 -0.0021 -0.6830
115.283300 -21.9726 0.2879 172.1452 0.0042 0.7333 -0.0015 -0.6799
115.386800 -22.4648 0.2826 172.0998 0.0041 0.7368 -0.0012 -0.6761
115.490400 -22.9318 0.2762 172.0525 0.0045 0.7414 -0.0017 -0.6710
115.593900 -23.3864 0.2694 171.9970 0.0051 0.7471 -0.0034 -0.6647
115.697400 -23.8297 0.2622 171.9301 0.0047 0.7541 -0.0046 -0.6567
115.800800 -24.2634 0.2562 171.8470 0.0040 0.7626 -0.0048 -0.6469
115.904300 -24.7022 0.2523 171.7375 0.0034 0.7726 -0.0045 -0.6349
116.008100 -25.1188 0.2495 171.6213 0.0037 0.7844 -0.0042 -0.6202
116.111200 -25.5435 0.2453 171.4691 0.0039 0.7973 -0.0037 -0.6036
116.214600 -25.9334 0.2416 171.3114 0.0032 0.8107 -0.0024 -0.5854
116.317900 -26.3064 0.2382 171.1301 0.0011 0.8243 -0.0004 -0.5661
116.421300 -26.6866 0.2314 170.9037 -0.0022 0.8378 0.0012 -0.5460
116.524700 -27.0339 0.2293 170.6866 -0.0044 0.8507 0.0022 -0.5256
116.628100 -27.3919 0.2267 170.4525 -0.0052 0.8636 0.0017 -0.5042
116.731800 -27.7678 0.2266 170.1797 -0.0053 0.8761 0.0014 -0.4821
116.835200 -28.0966 0.2288 169.9117 -0.0052 0.8883 0.0021 -0.4592
116.938700 -28.4092 0.2331 169.6129 -0.0050 0.9002 0.0040 -0.4354
117.042600 -28.7483 0.2404 169.2611 -0.0037 0.9119 0.0058 -0.4103
117.145800 -29.0511 0.2489 168.9143 -0.0014 0.9233 0.0071 -0.3841
117.249500 -29.3359 0.2590 168.5434 -0.0004 0.9341 0.0071 -0.3569
117.352900 -29.6295 0.2696 168.1144 -0.0012 0.9443 0.0066 -0.3290
117.456600 -29.8777 0.2801 167.6801 -0.0023 0.9538 0.0066 -0.3003
117.560200 -30.1035 0.2902 167.2111 -0.0038 0.9624 0.0061 -0.2717
117.663700 -30.3553 0.2983 166.6791 -0.0039 0.9699 0.0039 -0.2435
117.767400 -30.5361 0.3074 166.1485 -0.0035 0.9764 0.0019 -0.2160
117.871000 -30.7261 0.3166 165.5812 -0.0035 0.9821 0.0021 -0.1885
117.974800 -30.8716 0.3258 165.0128 -0.0041 0.9869 0.0041 -0.1612
118.078400 -30.9838 0.3399 164.4192 -0.0065 0.9910 0.0060 -0.1338
118.182100 -31.1031 0.3502 163.7732 -0.0096 0.9942 0.0071 -0.1071
118.285900 -31.1738 0.3608 163.1288 -0.0120 0.9965 0.0095 -0.0825
118.389600 -31.2231 0.3732 162.4652 -0.0122 0.9980 0.0124 -0.0611
118.493500 -31.2771 0.3815 161.7757 -0.0122 0.9989 0.0128 -0.0431
118.597500 -31.2971 0.3877 161.0885 -0.0136 0.9995 0.0105 -0.0279
118.701300 -31.3083 0.3973 160.3845 -0.0157 0.9997 0.0074 -0.0156
118.805300 -31.3048 0.4103 159.6827 -0.0172 0.9998 0.0040 -0.0058
118.909400 -31.3106 0.4176 158.9645 -0.0173 0.9998 0.0040 0.0020
119.013300 -31.3082 0.4198 158.2383 -0.0164 0.9998 0.0076 0.0071
119.117300 -31.3040 0.4215 157.5036 -0.0159 0.9998 0.0106 0.0103
119.221300 -31.2901 0.4263 156.7656 -0.0151 0.9997 0.0115 0.0128
119.325100 -31.2814 0.4345 156.0203 -0.0139 0.9997 0.0103 0.0148
119.429000 -31.2667 0.4408 155.2724 -0.0126 0.9998 0.0055 0.0169
119.532900 -31.2506 0.4438 154.5102 -0.0128 0.9997 0.0016 0.0184
119.636600 -31.2331 0.4461 153.7307 -0.0118 0.9997 0.0004 0.0194
119.740400 -31.2131 0.4469 152.9382 -0.0107 0.9997 0.0028 0.0205
119.844100 -31.1906 0.4425 152.1271 -0.0104 0.9997 0.0080 0.0214
119.947800 -31.1693 0.4423 151.3163 -0.0093 0.9997 0.0096 0.0224
120.051500 -31.1541 0.4479 150.5047 -0.0076 0.9997 0.0093 0.0235
120.155200 -31.1304 0.4560 149.6866 -0.0063 0.9996 0.0079 0.0247
120.258800 -31.1184 0.4586 148.8509 -0.0054 0.9996 0.0072 0.0257
120.362400 -31.0885 0.4621 148.0115 -0.0049 0.9996 0.0070 0.0264
120.466000 -31.0459 0.4656 147.1691 -0.0065 0.9996 0.0063 0.0273
120.569700 -30.9869 0.4732 146.3174 -0.0070 0.9996 0.0059 0.0278
120.673400 -30.9503 0.4762 145.4443 -0.0066 0.9996 0.0060 0.0285
120.777000 -30.9123 0.4817 144.5632 -0.0052 0.9995 0.0084 0.0289
120.880700 -30.8746 0.4850 143.6700 -0.0046 0.9995 0.0107 0.0294
120.984400 -30.8331 0.4858 142.7712 -0.0043 0.9995 0.0110 0.0304
121.088000 -30.7825 0.4952 141.8776 -0.0019 0.9994 0.0097 0.0319
121.191600 -30.7209 0.5088 140.9881 0.0003 0.9994 0.0089 0.0341
121.295300 -30.6436 0.5228 140.0924 0.0008 0.9993 0.0103 0.0363
121.398800 -30.5796 0.5268 139.1912 0.0003 0.9992 0.0120 0.0385
121.502400 -30.5181 0.5282 138.2887 0.0002 0.9991 0.0125 0.0410
121.606200 -30.4574 0.5293 137.3844 0.0013 0.9990 0.0125 0.0436
121.709800 -30.3813 0.5345 136.4809 0.0006 0.9988 0.0145 0.0463
121.813500 -30.3033 0.5359 135.5790 0.0007 0.9987 0.0165 0.0487
121.917200 -30.2214 0.5359 134.6791 0.0002 0.9985 0.0164 0.0513
122.020900 -30.1415 0.5319 133.7826 -0.0019 0.9985 0.0118 0.0537
122.124500 -30.0425 0.5383 132.8914 -0.0030 0.9984 0.0088 0.0562
122.228200 -29.9406 0.5504 131.9949 -0.0027 0.9982 0.0098 0.0585
122.332000 -29.8331 0.5549 131.0982 -0.0045 0.9981 0.0123 0.0604
122.435600 -29.7202 0.5575 130.2023 -0.0076 0.9980 0.0147 0.0614
122.539300 -29.6074 0.5697 129.3167 -0.0083 0.9979 0.0142 0.0619
122.643100 -29.4940 0.5818 128.4318 -0.0088 0.9980 0.0132 0.0618
122.746800 -29.3934 0.5878 127.5435 -0.0103 0.9980 0.0127 0.0615
122.850400 -29.2872 0.5989 126.6603 -0.0122 0.9980 0.0128 0.0611
122.954200 -29.1739 0.6085 125.7884 -0.0160 0.9980 0.0119 0.0606
123.057800 -29.0659 0.6190 124.9237 -0.0173 0.9980 0.0110 0.0597
123.161600 -28.9602 0.6285 124.0707 -0.0177 0.9981 0.0083 0.0590
123.265200 -28.8510 0.6351 123.2264 -0.0204 0.9981 0.0077 0.0579
123.368800 -28.7527 0.6430 122.3905 -0.0207 0.9981 0.0074 0.0572
123.472400 -28.6610 0.6476 121.5656 -0.0198 0.9982 0.0085 0.0562
123.576200 -28.5754 0.6404 120.7449 -0.0205 0.9982 0.0095 0.0548
123.679700 -28.4931 0.6312 119.9450 -0.0219 0.9983 0.0097 0.0533
123.783400 -28.4059 0.6265 119.1625 -0.0238 0.9983 0.0097 0.0519
123.887000 -28.3209 0.6192 118.4021 -0.0249 0.9984 0.0098 0.0500
123.990700 -28.2562 0.6077 117.6561 -0.0245 0.9985 0.0097 0.0475
124.094500 -28.1902 0.5948 116.9381 -0.0248 0.9987 0.0084 0.0446
124.198100 -28.1307 0.5883 116.2393 -0.0246 0.9988 0.0071 0.0412
124.301800 -28.0786 0.5731 115.5606 -0.0237 0.9990 0.0069 0.0383
124.405600 -28.0310 0.5547 114.9086 -0.0225 0.9991 0.0073 0.0356
124.509200 -27.9885 0.5394 114.2788 -0.0208 0.9992 0.0070 0.0327
124.613000 -27.9543 0.5234 113.6572 -0.0192 0.9994 0.0062 0.0296
124.716500 -27.9189 0.5119 113.0460 -0.0195 0.9994 0.0052 0.0268
124.820300 -27.8847 0.4988 112.4406 -0.0182 0.9995 0.0037 0.0237
124.923900 -27.8562 0.4867 111.8361 -0.0180 0.9996 0.0028 0.0210
125.027500 -27.8253 0.4770 111.2359 -0.0189 0.9996 0.0026 0.0184
125.131200 -27.8012 0.4753 110.6353 -0.0197 0.9997 0.0019 0.0159
125.234900 -27.7802 0.4714 110.0351 -0.0192 0.9997 0.0040 0.0141
125.338500 -27.7653 0.4665 109.4315 -0.0180 0.9997 0.0076 0.0133
125.442100 -27.7488 0.4613 108.8322 -0.0174 0.9997 0.0108 0.0127
125.545700 -27.7209 0.4664 108.2430 -0.0172 0.9997 0.0125 0.0129
125.649300 -27.6876 0.4790 107.6507 -0.0189 0.9996 0.0156 0.0141
125.753000 -27.6537 0.4954 107.0608 -0.0194 0.9995 0.0183 0.0153
125.856700 -27.6327 0.4991 106.4822 -0.0168 0.9995 0.0175 0.0179
125.960300 -27.6085 0.4997 105.9082 -0.0126 0.9995 0.0163 0.0219
126.063800 -27.5706 0.5082 105.3372 -0.0101 0.9995 0.0138 0.0276
126.167400 -27.5193 0.5225 104.7746 -0.0068 0.9993 0.0091 0.0358
126.270900 -27.4645 0.5318 104.2040 -0.0040 0.9989 0.0075 0.0460
126.374400 -27.3728 0.5451 103.6381 -0.0030 0.9983 0.0093 0.0572
126.478000 -27.2726 0.5491 103.0774 -0.0024 0.9976 0.0087 0.0690
126.581500 -27.1565 0.5599 102.5247 -0.0019 0.9966 0.0068 0.0819
126.685100 -27.0124 0.5740 101.9790 -0.0021 0.9953 0.0069 0.0969
126.788600 -26.8504 0.5910 101.4394 -0.0014 0.9935 0.0081 0.1137
126.892100 -26.6773 0.6074 100.9032 -0.0021 0.9912 0.0091 0.1317
126.995700 -26.4628 0.6198 100.3830 -0.0048 0.9884 0.0118 0.1513
127.099200 -26.2171 0.6451 99.8835 -0.0067 0.9848 0.0146 0.1728
127.202700 -25.9837 0.6679 99.3845 -0.0067 0.9805 0.0148 0.1957
127.306200 -25.6987 0.6926 98.9174 -0.0065 0.9755 0.0148 0.2195
127.409600 -25.4224 0.7119 98.4461 -0.0065 0.9695 0.0151 0.2445
127.513100 -25.0907 0.7341 98.0136 -0.0063 0.9627 0.0142 0.2702
127.616800 -24.7399 0.7492 97.6013 -0.0045 0.9550 0.0122 0.2962
127.720200 -24.4031 0.7603 97.1900 -0.0029 0.9466 0.0094 0.3222
127.823900 -24.0089 0.7638 96.8144 -0.0027 0.9373 0.0079 0.3484
127.927500 -23.5980 0.7698 96.4572 -0.0008 0.9274 0.0072 0.3740
128.031100 -23.2026 0.7712 96.0952 0.0027 0.9168 0.0093 0.3992
128.134900 -22.7559 0.7715 95.7743 0.0036 0.9058 0.0128 0.4234
128.238600 -22.2958 0.7586 95.4831 0.0036 0.8945 0.0152 0.4467
128.342200 -21.8527 0.7471 95.2035 0.0027 0.8829 0.0155 0.4694
128.445900 -21.3758 0.7349 94.9596 0.0047 0.8707 0.0156 0.4916
128.549600 -20.9144 0.7323 94.7259 0.0060 0.8582 0.0151 0.5131
128.653300 -20.4138 0.7251 94.5343 0.0056 0.8456 0.0146 0.5336
128.757000 -19.9045 0.7224 94.3699 0.0038 0.8330 0.0137 0.5530
128.860800 -19.4083 0.7203 94.2176 0.0007 0.8203 0.0127 0.5717
128.964400 -18.8911 0.7207 94.0955 -0.0015 0.8085 0.0119 0.5884
129.068200 -18.3541 0.7212 93.9918 -0.0049 0.7979 0.0114 0.6026
129.172100 -17.8240 0.7219 93.9000 -0.0087 0.7891 0.0098 0.6141
129.276000 -17.2921 0.7217 93.8258 -0.0141 0.7822 0.0065 0.6228
129.380000 -16.7594 0.7312 93.7580 -0.0186 0.7772 0.0039 0.6290
129.484000 -16.2369 0.7434 93.6788 -0.0190 0.7737 0.0033 0.6332
129.588000 -15.7190 0.7543 93.5962 -0.0185 0.7713 0.0025 0.6362
129.691900 -15.2172 0.7556 93.5087 -0.0174 0.7699 0.0024 0.6379
129.796000 -14.6998 0.7662 93.4411 -0.0189 0.7698 0.0013 0.6380
129.899900 -14.1919 0.7756 93.3668 -0.0203 0.7703 -0.0003 0.6373
130.004000 -13.6916 0.7858 93.2795 -0.0179 0.7717 0.0002 0.6357
130.108000 -13.1979 0.7958 93.1792 -0.0153 0.7749 0.0009 0.6319
130.212100 -12.7146 0.8066 93.0715 -0.0138 0.7801 0.0024 0.6255
130.316000 -12.2343 0.8168 92.9589 -0.0144 0.7865 0.0031 0.6174
130.420800 -11.7607 0.8329 92.8406 -0.0168 0.7950 0.0036 0.6063
130.524300 -11.3031 0.8470 92.7052 -0.0194 0.8054 0.0061 0.5924
130.628400 -10.8595 0.8578 92.5456 -0.0211 0.8164 0.0108 0.5769
130.732300 -10.4783 0.8738 92.3426 -0.0141 0.8283 0.0176 0.5599
130.836500 -10.1100 0.8823 92.1409 -0.0071 0.8410 0.0196 0.5407
130.940700 -9.7895 0.8841 91.9306 -0.0031 0.8547 0.0170 0.5189
131.044700 -9.4471 0.8928 91.7324 -0.0042 0.8685 0.0110 0.4955
131.148800 -9.1086 0.9063 91.5255 -0.0091 0.8825 0.0054 0.4702
131.252900 -8.8341 0.9211 91.2721 -0.0133 0.8963 0.0040 0.4433
131.356800 -8.5516 0.9313 91.0026 -0.0127 0.9092 0.0077 0.4161
131.460800 -8.3397 0.9429 90.6934 -0.0088 0.9212 0.0132 0.3889
131.564700 -8.1412 0.9344 90.3820 -0.0067 0.9323 0.0147 0.3613
131.668400 -7.9461 0.9486 90.0930 -0.0054 0.9426 0.0141 0.3336
131.772200 -7.8089 0.9613 89.7822 -0.0039 0.9519 0.0128 0.3060
131.875700 -7.6494 0.9743 89.4780 -0.0031 0.9600 0.0115 0.2796
131.979400 -7.5170 0.9880 89.1598 -0.0039 0.9667 0.0106 0.2555
132.082800 -7.3475 1.0030 88.8474 -0.0062 0.9723 0.0105 0.2335
132.186300 -7.1908 1.0194 88.5223 -0.0085 0.9772 0.0103 0.2119
132.290000 -7.0699 1.0350 88.1736 -0.0092 0.9816 0.0104 0.1903
132.393600 -6.9483 1.0429 87.8116 -0.0084 0.9854 0.0122 0.1699
132.497100 -6.8391 1.0503 87.4354 -0.0071 0.9884 0.0139 0.1510
132.600700 -6.7538 1.0579 87.0378 -0.0059 0.9909 0.0141 0.1334
132.704200 -6.6609 1.0702 86.6341 -0.0046 0.9929 0.0129 0.1185
132.807500 -6.5750 1.0832 86.2139 -0.0037 0.9942 0.0110 0.1066
132.911000 -6.4911 1.0953 85.7800 -0.0041 0.9952 0.0087 0.0970
133.014400 -6.4072 1.1068 85.3296 -0.0048 0.9960 0.0065 0.0889
133.117900 -6.3267 1.1154 84.8630 -0.0056 0.9967 0.0044 0.0813
133.221400 -6.2543 1.1215 84.3756 -0.0059 0.9973 0.0029 0.0736
133.325000 -6.1891 1.1262 83.8703 -0.0047 0.9978 0.0023 0.0663
133.428500 -6.1304 1.1313 83.3460 -0.0028 0.9982 0.0026 0.0605
133.532000 -6.0724 1.1370 82.8048 -0.0012 0.9984 0.0032 0.0565
133.635500 -6.0082 1.1426 82.2406 -0.0000 0.9985 0.0045 0.0548
133.738900 -5.9312 1.1559 81.6642 0.0003 0.9985 0.0059 0.0545
133.842500 -5.8555 1.1703 81.0435 -0.0001 0.9985 0.0077 0.0543
133.946100 -5.7935 1.1757 80.4153 -0.0003 0.9985 0.0080 0.0534
134.049700 -5.7205 1.1971 79.7691 -0.0008 0.9986 0.0081 0.0526
134.153300 -5.6609 1.2031 79.1031 -0.0011 0.9986 0.0080 0.0520
134.257000 -5.6009 1.2085 78.4251 -0.0011 0.9987 0.0070 0.0509
134.360800 -5.5415 1.2120 77.7303 -0.0011 0.9987 0.0058 0.0497
134.464400 -5.4802 1.2280 77.0250 -0.0016 0.9988 0.0048 0.0484
134.568000 -5.4308 1.2317 76.2854 -0.0017 0.9989 0.0041 0.0471
134.671600 -5.3726 1.2342 75.5444 -0.0026 0.9989 0.0043 0.0461
134.775400 -5.3015 1.2580 74.7938 -0.0031 0.9990 0.0046 0.0450
134.879000 -5.2340 1.2747 74.0260 -0.0030 0.9990 0.0054 0.0440
134.982600 -5.1730 1.3197 73.2375 -0.0027 0.9991 0.0061 0.0428
135.086200 -5.1132 1.3377 72.4390 -0.0026 0.9991 0.0066 0.0413
135.189900 -5.0360 1.3658 71.6405 -0.0024 0.9992 0.0070 0.0399
135.293600 -4.9565 1.3920 70.8437 -0.0022 0.9992 0.0066 0.0389
135.397200 -4.8855 1.4121 70.0359 -0.0008 0.9993 0.0069 0.0379
135.500800 -4.8119 1.4329 69.2195 -0.0001 0.9993 0.0069 0.0372
135.604400 -4.7367 1.4480 68.3979 -0.0003 0.9993 0.0065 0.0364
135.708100 -4.6595 1.4648 67.5660 -0.0005 0.9993 0.0055 0.0357
135.811800 -4.5854 1.4764 66.7328 -0.0007 0.9994 0.0037 0.0350
135.915400 -4.4905 1.4881 65.8919 -0.0016 0.9994 0.0028 0.0342
136.019200 -4.4080 1.4985 65.0452 -0.0028 0.9994 0.0018 0.0335
136.122700 -4.3357 1.5057 64.1829 -0.0024 0.9995 0.0021 0.0328
136.226500 -4.2718 1.5091 63.3138 -0.0019 0.9995 0.0031 0.0327
136.330200 -4.2080 1.5168 62.4389 -0.0009 0.9994 0.0048 0.0332
136.433700 -4.1468 1.5266 61.5610 0.0006 0.9994 0.0061 0.0344
136.537400 -4.0813 1.5308 60.6774 0.0024 0.9993 0.0069 0.0360
136.641100 -4.0201 1.5156 59.7826 0.0034 0.9993 0.0069 0.0376
136.744900 -3.9475 1.5012 58.8930 0.0039 0.9992 0.0066 0.0393
136.848400 -3.8788 1.4657 57.9935 0.0038 0.9991 0.0053 0.0408
136.952000 -3.8051 1.4496 57.1047 0.0033 0.9991 0.0042 0.0422
137.055800 -3.7211 1.4375 56.2141 0.0033 0.9991 0.0040 0.0432
137.159500 -3.6356 1.4212 55.3285 0.0021 0.9990 0.0037 0.0439
137.263200 -3.5526 1.3910 54.4343 0.0012 0.9990 0.0039 0.0444
137.366900 -3.4780 1.3600 53.5404 0.0007 0.9990 0.0055 0.0452
137.470600 -3.3968 1.3266 52.6437 -0.0015 0.9989 0.0099 0.0461
137.574300 -3.3134 1.3183 51.7638 0.0014 0.9988 0.0127 0.0468
137.678000 -3.2331 1.3110 50.8958 0.0018 0.9988 0.0111 0.0480
137.781700 -3.1511 1.3024 50.0380 0.0007 0.9988 0.0056 0.0483
137.885300 -3.0712 1.2929 49.1914 0.0010 0.9988 0.0013 0.0490
137.988900 -2.9931 1.2828 48.3415 0.0026 0.9988 0.0010 0.0494
138.092700 -2.9058 1.2851 47.4917 0.0037 0.9988 0.0042 0.0492
138.196300 -2.8142 1.2845 46.6461 0.0026 0.9988 0.0086 0.0488
138.299900 -2.7305 1.2785 45.8061 0.0019 0.9988 0.0106 0.0484
138.403500 -2.6599 1.2618 44.9708 0.0036 0.9988 0.0085 0.0484
138.507100 -2.5877 1.2502 44.1421 0.0052 0.9988 0.0063 0.0486
138.610700 -2.5134 1.2366 43.3071 0.0063 0.9988 0.0062 0.0489
138.714400 -2.4366 1.2225 42.4753 0.0059 0.9987 0.0079 0.0495
138.818000 -2.3581 1.2099 41.6488 0.0052 0.9987 0.0092 0.0500
138.921600 -2.2827 1.2011 40.8286 0.0052 0.9987 0.0086 0.0506
139.025200 -2.2040 1.1968 40.0177 0.0052 0.9986 0.0071 0.0512
139.128800 -2.1186 1.1942 39.2108 0.0058 0.9986 0.0061 0.0517
139.232600 -2.0344 1.1854 38.4033 0.0060 0.9986 0.0062 0.0523
139.336200 -1.9475 1.1757 37.5972 0.0063 0.9986 0.0070 0.0527
139.439900 -1.8589 1.1696 36.7992 0.0063 0.9985 0.0081 0.0534
139.543400 -1.7614 1.1723 36.0153 0.0062 0.9985 0.0087 0.0540
139.647200 -1.6658 1.1886 35.2425 0.0063 0.9984 0.0090 0.0546
139.750900 -1.5679 1.2091 34.4851 0.0062 0.9984 0.0090 0.0553
139.854600 -1.4695 1.2238 33.7442 0.0051 0.9984 0.0090 0.0558
139.958400 -1.3686 1.2337 33.0212 0.0036 0.9984 0.0091 0.0563
140.061900 -1.2731 1.2381 32.3145 0.0022 0.9983 0.0087 0.0569
140.165400 -1.1736 1.2570 31.6218 0.0005 0.9983 0.0081 0.0574
140.269100 -1.0732 1.2768 30.9333 -0.0012 0.9983 0.0074 0.0575
140.372700 -0.9801 1.2880 30.2464 -0.0024 0.9983 0.0067 0.0573
140.476300 -0.8922 1.2995 29.5612 -0.0031 0.9983 0.0067 0.0569
140.579900 -0.8014 1.3108 28.8772 -0.0050 0.9984 0.0065 0.0566
140.683700 -0.7061 1.3349 28.1965 -0.0056 0.9984 0.0073 0.0561
140.787500 -0.6190 1.3552 27.5218 -0.0052 0.9984 0.0083 0.0556
140.890900 -0.5395 1.3680 26.8533 -0.0042 0.9984 0.0094 0.0549
140.994700 -0.4594 1.3841 26.1968 -0.0036 0.9985 0.0095 0.0538
141.098300 -0.3719 1.4051 25.5576 -0.0036 0.9986 0.0088 0.0527
141.202000 -0.2912 1.4209 24.9374 -0.0036 0.9986 0.0076 0.0517
141.305500 -0.2118 1.4334 24.3347 -0.0038 0.9987 0.0063 0.0504
141.409400 -0.1369 1.4426 23.7450 -0.0037 0.9988 0.0062 0.0488
141.513000 -0.0694 1.4442 23.1748 -0.0045 0.9989 0.0065 0.0469
141.616500 -0.0020 1.4425 22.6261 -0.0048 0.9990 0.0069 0.0444
141.720100 0.0524 1.4414 22.0946 -0.0055 0.9991 0.0081 0.0418
141.823700 0.1047 1.4399 21.5864 -0.0063 0.9992 0.0089 0.0387
141.927400 0.1452 1.4392 21.0968 -0.0066 0.9993 0.0086 0.0350
142.031100 0.1829 1.4409 20.6218 -0.0068 0.9995 0.0083 0.0312
142.134700 0.2134 1.4458 20.1633 -0.0061 0.9996 0.0085 0.0271
142.238400 0.2380 1.4607 19.7179 -0.0056 0.9997 0.0088 0.0226
142.342200 0.2522 1.4693 19.2893 -0.0051 0.9998 0.0088 0.0179
142.445800 0.2599 1.4732 18.8774 -0.0051 0.9999 0.0085 0.0132
142.549500 0.2656 1.4771 18.4810 -0.0048 0.9999 0.0086 0.0085
142.653300 0.2684 1.4808 18.1013 -0.0048 0.9999 0.0093 0.0035
142.756900 0.2623 1.4764 17.7347 -0.0052 0.9999 0.0100 -0.0017
142.860600 0.2463 1.4719 17.3829 -0.0050 0.9999 0.0108 -0.0071
142.964300 0.2173 1.4577 17.0500 -0.0029 0.9999 0.0104 -0.0128
143.068000 0.1821 1.4466 16.7355 0.0001 0.9998 0.0094 -0.0188
